Verification log – 2026-06-21 03:39:57 UTC
Execution time: 40.3s
Total proxies tested: 299
Working proxies found: 185
------------------------------------------------------------
Timestamp                   Host:Port                      Status Ping     Region
------------------------------------------------------------
2026-06-21T03:39:54.656321  iran.protocolsix.info:25565    OK     0.019s   eu
2026-06-21T03:39:54.656355  www.jinxandjack.co.uk.:443     FAIL   -        eu
2026-06-21T03:39:54.661420  Q4.opt-meli.info:443           FAIL   -        eu
2026-06-21T03:39:54.668824  moh.kingproxynewdomailasiatech.ink:25565 OK     0.03s    eu
2026-06-21T03:39:54.748774  pizza.telbet.lol:25565         OK     0.1s     eu
2026-06-21T03:39:54.764030  Komatso-Japan.www.google.com.ganool-com.info:300 FAIL   -        eu
2026-06-21T03:39:54.767291  norm.quickdl.info:25565        OK     0.119s   eu
2026-06-21T03:39:54.779380  176.65.138.97:8443             OK     0.147s   eu
2026-06-21T03:39:54.779590  87.248.129.190:443             OK     0.147s   eu
2026-06-21T03:39:54.781023  87.248.129.196:443             OK     0.147s   eu
2026-06-21T03:39:54.781665  87.248.129.198:443             OK     0.147s   eu
2026-06-21T03:39:54.782170  persian.gulf.ir.olsjddhf.info.:88 OK     0.148s   eu
2026-06-21T03:39:54.782776  195.63.142.27:8443             OK     0.144s   eu
2026-06-21T03:39:54.782793  172.65.100.05:25565            OK     0.001s   eu
2026-06-21T03:39:54.782890  87.248.129.131:443             OK     0.147s   eu
2026-06-21T03:39:54.783295  87.229.56.5:443                OK     0.147s   eu
2026-06-21T03:39:54.784541  87.229.56.6:443                OK     0.147s   eu
2026-06-21T03:39:54.785639  87.248.134.204:443             FAIL   -        eu
2026-06-21T03:39:54.787866  87.248.129.104:8443            OK     0.147s   eu
2026-06-21T03:39:54.789611  just-money.co.uk:443           OK     0.153s   eu
2026-06-21T03:39:54.790017  87.229.56.180:443              OK     0.147s   eu
2026-06-21T03:39:54.791809  87.248.129.183:443             OK     0.146s   eu
2026-06-21T03:39:54.792044  87.229.56.183:443              OK     0.146s   eu
2026-06-21T03:39:54.792563  45.135.194.28:37               FAIL   -        eu
2026-06-21T03:39:54.792913  23.88.51.230:443               OK     0.158s   eu
2026-06-21T03:39:54.794099  ams1.tlgfast.com:443           OK     0.159s   eu
2026-06-21T03:39:54.794534  top.jamejanhani2.co.uk:443     OK     0.162s   eu
2026-06-21T03:39:54.794636  87.248.129.134:443             OK     0.148s   eu
2026-06-21T03:39:54.795241  www.vingardium.co.uk.:443      OK     0.161s   eu
2026-06-21T03:39:54.796808  Ehsgh.kon.khoshgele.ir.biobarmesh.info.:88 OK     0.156s   eu
2026-06-21T03:39:54.797609  87.120.216.254:443             OK     0.151s   eu
2026-06-21T03:39:54.797905  87.248.149.60:443              OK     0.144s   eu
2026-06-21T03:39:54.798436  87.229.56.7:443                OK     0.147s   eu
2026-06-21T03:39:54.800089  87.248.129.194:443             OK     0.146s   eu
2026-06-21T03:39:54.800513  91.107.147.197:4455            OK     0.156s   eu
2026-06-21T03:39:54.800622  87.248.129.195:443             OK     0.148s   eu
2026-06-21T03:39:54.801196  h.hajagha.co.uk:443            OK     0.162s   eu
2026-06-21T03:39:54.801651  87.248.129.49:443              OK     0.147s   eu
2026-06-21T03:39:54.802418  87.248.129.193:443             OK     0.149s   eu
2026-06-21T03:39:54.805551  always.for.you.ir.mausjakaqd.info.:88 OK     0.151s   eu
2026-06-21T03:39:54.805563  always.for.you.ir.mausjakaqd.info.:88 OK     0.153s   eu
2026-06-21T03:39:54.806507  cdn.ma-rd.co.uk:443            OK     0.161s   eu
2026-06-21T03:39:54.806664  ns2.what-ever.co.uk.:443       OK     0.162s   eu
2026-06-21T03:39:54.808923  65.109.246.206:8443            FAIL   -        eu
2026-06-21T03:39:54.810905  46.62.197.12:155               OK     0.175s   eu
2026-06-21T03:39:54.811199  cdn.yektanet.co.uk:443         OK     0.154s   eu
2026-06-21T03:39:54.811926  full-vasl.ir-xyz.gdhbvjshjrf.info.:88 OK     0.171s   eu
2026-06-21T03:39:54.814221  goo.vingardium.co.uk.:8443     OK     0.171s   eu
2026-06-21T03:39:54.815621  pmcdin.co.uk.:443              OK     0.164s   eu
2026-06-21T03:39:54.816469  Together-for-iran.jetish.info.:88 OK     0.171s   eu
2026-06-21T03:39:54.816484  web.vingardium.co.uk.:443      OK     0.172s   eu
2026-06-21T03:39:54.817021  kha8shen.co.uk.:443            OK     0.168s   eu
2026-06-21T03:39:54.817810  genuismind.info:443            OK     0.185s   eu
2026-06-21T03:39:54.818656  abrafagh.cdn.finecooking.info:443 OK     0.169s   eu
2026-06-21T03:39:54.819813  football.world-pro.co.uk:25565 OK     0.179s   eu
2026-06-21T03:39:54.820221  New-Empire-On-World.ir.heazshddd.info.:88 OK     0.182s   eu
2026-06-21T03:39:54.822074  65.109.245.26:443              OK     0.173s   eu
2026-06-21T03:39:54.823233  For.dear-iranian-people.com.heazshddd.info.:88 OK     0.171s   eu
2026-06-21T03:39:54.823480  rudomain.info.:443             OK     0.182s   eu
2026-06-21T03:39:54.826471  weblog.forwarding-co.site:443  OK     0.185s   eu
2026-06-21T03:39:54.826805  web.jinxandjack.co.uk.:443     OK     0.185s   eu
2026-06-21T03:39:54.829546  tcpdash-local.technom.info:443 OK     0.19s    eu
2026-06-21T03:39:54.832223  best-sellerst.co.uk.:443       OK     0.196s   eu
2026-06-21T03:39:54.833959  vip11.opt-meli.info:155        FAIL   -        eu
2026-06-21T03:39:54.834334  135.181.74.189:443             OK     0.173s   eu
2026-06-21T03:39:54.835315  super-hero-iran.ir.mausjakaqd.info.:88 OK     0.182s   eu
2026-06-21T03:39:54.841709  host.mizbanonline.info:443     OK     0.208s   eu
2026-06-21T03:39:54.845514  portal.mizbanonline.info:443   OK     0.194s   eu
2026-06-21T03:39:54.847215  subobdoa.co.uk.:443            OK     0.191s   eu
2026-06-21T03:39:54.852348  kharazmi-abo-reyhan-bironi-va-dakheli.basalam.info:443 OK     0.202s   eu
2026-06-21T03:39:54.853663  br.kingproxynewdomailasiatech.ink:22 OK     0.02s    eu
2026-06-21T03:39:54.871141  web-mail.ecosseupsidedown.co.uk.:443 OK     0.218s   eu
2026-06-21T03:39:54.895786  sitemcinet.co.uk:443           OK     0.113s   eu
2026-06-21T03:39:54.903946  proxy.speedbreaker.info:25565  OK     0.121s   eu
2026-06-21T03:39:54.906636  abrafagh.finecooking.info:443  OK     0.271s   eu
2026-06-21T03:39:54.907666  195.63.139.135:8443            OK     0.144s   eu
2026-06-21T03:39:54.909296  172.65.100.05:25565            OK     0.002s   eu
2026-06-21T03:39:54.920869  red-road.strawberrybarn.co.uk.:443 OK     0.276s   eu
2026-06-21T03:39:54.921354  red-road.strawberrybarn.co.uk.:443 OK     0.271s   eu
2026-06-21T03:39:54.925971  87.248.129.184:443             OK     0.146s   eu
2026-06-21T03:39:54.926102  total.beyondeson-co.cfd:443    OK     0.144s   eu
2026-06-21T03:39:54.927167  87.248.149.30:443              OK     0.144s   eu
2026-06-21T03:39:54.928782  mizban-dade-online.genuismind.info:443 OK     0.284s   eu
2026-06-21T03:39:54.932182  87.248.129.16:8443             OK     0.148s   eu
2026-06-21T03:39:54.935337  fresh.t-proxy.info.:25565      OK     0.118s   eu
2026-06-21T03:39:54.936880  87.248.129.186:443             OK     0.147s   eu
2026-06-21T03:39:54.939222  178.105.179.72:155             OK     0.157s   eu
2026-06-21T03:39:54.939780  form.quickdl.info:22           OK     0.123s   eu
2026-06-21T03:39:54.942078  87.248.129.201:443             OK     0.147s   eu
2026-06-21T03:39:54.944804  87.248.149.19:443              OK     0.144s   eu
2026-06-21T03:39:54.945903  87.248.129.137:443             OK     0.148s   eu
2026-06-21T03:39:54.946599  194.120.230.120:443            OK     0.146s   eu
2026-06-21T03:39:54.946610  87.248.149.50:443              OK     0.145s   eu
2026-06-21T03:39:54.949314  87.248.129.101:443             OK     0.147s   eu
2026-06-21T03:39:54.952540  87.248.129.133:443             OK     0.146s   eu
2026-06-21T03:39:54.955940  https-cdn-ddns.itdeveloper.info.:88 FAIL   -        eu
2026-06-21T03:39:54.958192  panel-portal.managep.info:443  OK     0.163s   eu
2026-06-21T03:39:54.961975  resalat.tci.irancell.ir-request.technom.info:443 OK     0.182s   eu
2026-06-21T03:39:54.964800  new.old-balance.co.uk:25565    FAIL   -        eu
2026-06-21T03:39:54.966434  65.109.106.132:443             OK     0.172s   eu
2026-06-21T03:39:54.968707  room.coworcker.co.uk:443       OK     0.16s    eu
2026-06-21T03:39:54.974973  87.248.129.130:443             OK     0.148s   eu
2026-06-21T03:39:54.981055  87.229.56.182:443              OK     0.147s   eu
2026-06-21T03:39:54.988081  65.21.83.248:443               OK     0.172s   eu
2026-06-21T03:39:54.992666  47777263767761.ir.qavi4.info:155 OK     0.163s   eu
2026-06-21T03:39:54.994036  wan.asiaadomainsshatelhamrahaval.co.uk.:443 OK     0.201s   eu
2026-06-21T03:39:54.994231  sv.just-money.co.uk:443        OK     0.152s   eu
2026-06-21T03:39:54.994839  87.248.129.47:443              OK     0.148s   eu
2026-06-21T03:39:54.996380  windows.old-balance.co.uk:25565 OK     0.178s   eu
2026-06-21T03:39:54.997647  ns1.what-ever.co.uk.:443       OK     0.162s   eu
2026-06-21T03:39:55.017907  87.248.129.202:443             OK     0.147s   eu
2026-06-21T03:39:55.019266  best-sellerst.co.uk.:443       OK     0.174s   eu
2026-06-21T03:39:55.022043  okey.ir.meli-n13.info:8443     OK     0.19s    eu
2026-06-21T03:39:55.024624  my-ip.ir.basalam.info:443      OK     0.385s   eu
2026-06-21T03:39:55.042525  87.248.129.136:443             OK     0.147s   eu
2026-06-21T03:39:55.053981  1.vak1l.ir:22                  OK     0.243s   eu
2026-06-21T03:39:55.056573  portal.old-but-new.co.uk.:443  FAIL   -        eu
2026-06-21T03:39:55.071135  irancell-mci.ir.gybshdjls.info.:88 OK     0.167s   eu
2026-06-21T03:39:55.073098  195.63.160.246:8443            OK     0.144s   eu
2026-06-21T03:39:55.074594  103.161.35.23:443              OK     0.147s   eu
2026-06-21T03:39:55.084795  blue.protocolsix.info:22       OK     0.12s    eu
2026-06-21T03:39:55.101079  www.merco-karco.website:443    OK     0.155s   eu
2026-06-21T03:39:55.102848  146.103.104.26:443             FAIL   -        eu
2026-06-21T03:39:55.103220  mine.airplan1.ir:25565         OK     0.309s   eu
2026-06-21T03:39:55.104484  cloud.ir.asiatech-bestserver.technom.info:443 OK     0.165s   eu
2026-06-21T03:39:55.107182  87.248.149.40:443              OK     0.145s   eu
2026-06-21T03:39:55.108076  Loti.vak1l.ir:22               OK     0.285s   eu
2026-06-21T03:39:55.116476  Strait-of-Hormuz.ir.jursdheks.info.:88 OK     0.148s   eu
2026-06-21T03:39:55.124542  37.27.134.33:8443              OK     0.182s   eu
2026-06-21T03:39:55.126046  65.109.247.192:4455            OK     0.173s   eu
2026-06-21T03:39:55.126819  moh.telbet.lol:25565           OK     0.084s   eu
2026-06-21T03:39:55.129514  gorbeye-7000-sale.asiaadomainsshatelhamrahaval.co.uk.:443 OK     0.18s    eu
2026-06-21T03:39:55.136465  sold-out.dinocol.co.uk.:443    OK     0.197s   eu
2026-06-21T03:39:55.136971  go.vingardium.co.uk.:8443      OK     0.162s   eu
2026-06-21T03:39:55.140607  87.229.56.10:443               OK     0.146s   eu
2026-06-21T03:39:55.151269  Ashkoda-Best.gabrial-batistuta.shop:443 FAIL   -        eu
2026-06-21T03:39:55.156432  portal.balalaika.click:443     OK     0.518s   eu
2026-06-21T03:39:55.158334  cdn.savelyev.click:443         OK     0.515s   eu
2026-06-21T03:39:55.166248  secure.medhata.org:443         OK     0.514s   eu
2026-06-21T03:39:55.167230  65.21.234.12:443               OK     0.173s   eu
2026-06-21T03:39:55.167442  tgju.org.nazri.info:443        OK     0.377s   eu
2026-06-21T03:39:55.167874  persian.gulf.ir.olsjddhf.info.:88 OK     0.143s   eu
2026-06-21T03:39:55.168235  login.veltura.digital:443      OK     0.527s   eu
2026-06-21T03:39:55.170872  135.181.129.178:443            OK     0.174s   eu
2026-06-21T03:39:55.172733  edge.librava.click:443         OK     0.521s   eu
2026-06-21T03:39:55.184661  mahanmizban.genuismind.info:443 OK     0.379s   eu
2026-06-21T03:39:55.206687  mask.vak1l.ir:22               OK     0.27s    eu
2026-06-21T03:39:55.207474  phone-samsung.imalz.info:443   OK     0.188s   eu
2026-06-21T03:39:55.220288  87.248.129.197:443             OK     0.147s   eu
2026-06-21T03:39:55.225130  www2.nilmart.ir:443            OK     0.405s   eu
2026-06-21T03:39:55.227966  65.108.126.206:443             OK     0.174s   eu
2026-06-21T03:39:55.231905  87.248.129.99:443              OK     0.147s   eu
2026-06-21T03:39:55.236526  gheime.nazri.info:443          OK     0.165s   eu
2026-06-21T03:39:55.249315  87.248.129.185:443             OK     0.148s   eu
2026-06-21T03:39:55.250882  87.248.129.107:8443            OK     0.148s   eu
2026-06-21T03:39:55.272848  87.248.129.192:443             OK     0.146s   eu
2026-06-21T03:39:55.298497  87.248.129.191:443             OK     0.147s   eu
2026-06-21T03:39:55.303308  login.klyuch1k.org:443         OK     0.451s   eu
2026-06-21T03:39:55.304878  87.229.56.8:443                OK     0.146s   eu
2026-06-21T03:39:55.305271  come.vak1l.ir:22               OK     0.007s   eu
2026-06-21T03:39:55.307159  go.antitspu.com:443            OK     0.351s   eu
2026-06-21T03:39:55.308707  secure.gorbushkin.click:443    OK     0.525s   eu
2026-06-21T03:39:55.314763  persian.gulf.ir.olsjddhf.info.:88 OK     0.142s   eu
2026-06-21T03:39:55.337014  best-ruter.eyvazi-master.ir:9741 FAIL   -        eu
2026-06-21T03:39:55.341151  www.maybe-later.co.uk.:443     FAIL   -        eu
2026-06-21T03:39:55.345555  65.109.251.239:8443            FAIL   -        eu
2026-06-21T03:39:55.345575  87.248.132.2:443               FAIL   -        eu
2026-06-21T03:39:55.357251  Fuck-War.harcibasheokeye.ir:110 FAIL   -        eu
2026-06-21T03:39:55.371960  194.120.230.26:443             OK     0.147s   eu
2026-06-21T03:39:55.373714  fab.vak1l.ir:22                OK     0.271s   eu
2026-06-21T03:39:55.374604  92.246.87.242:443              OK     0.146s   eu
2026-06-21T03:39:55.378999  Darvin.vak1l.ir:22             OK     0.56s    eu
2026-06-21T03:39:55.382548  syntax.ddnscdn.sbs.:443        OK     0.175s   eu
2026-06-21T03:39:55.399587  kala.imalz.info:443            OK     0.27s    eu
2026-06-21T03:39:55.417639  Shoting.forwarding-co.site.:44300 FAIL   -        eu
2026-06-21T03:39:55.423812  157.180.116.90:4455            FAIL   -        eu
2026-06-21T03:39:55.437735  billing.mizbanonline.info:443  OK     0.269s   eu
2026-06-21T03:39:55.441184  sabadkala.imalz.info:443       OK     0.205s   eu
2026-06-21T03:39:55.449971  87.229.56.181:443              OK     0.147s   eu
2026-06-21T03:39:55.454403  87.248.134.172:443             FAIL   -        eu
2026-06-21T03:39:55.455019  junior.ir.the-nice-mtproto.info.:88 OK     0.15s    eu
2026-06-21T03:39:55.461259  167.233.206.212:4455           OK     0.156s   eu
2026-06-21T03:39:55.462733  go.pelmeshka.top:443           OK     0.537s   eu
2026-06-21T03:39:55.479412  api.maybe-later.co.uk.:443     OK     0.164s   eu
2026-06-21T03:39:55.483710  87.229.56.20:443               OK     0.147s   eu
2026-06-21T03:39:55.503984  87.229.56.250:443              OK     0.147s   eu
2026-06-21T03:39:55.509196  halim.nazri.info:443           OK     0.385s   eu
2026-06-21T03:39:55.520291  portal.malevich7.top:443       OK     0.523s   eu
2026-06-21T03:39:55.523817  Team.hafthashtgswreqetdgsrwrpi-esoiiisolfnwfsksjvwu-urishklfduiwoehv.info.:6773 FAIL   -        eu
2026-06-21T03:39:55.539264  noron.jamejanhani1.co.uk:443   OK     0.157s   eu
2026-06-21T03:39:55.558511  167.233.118.91:4455            OK     0.159s   eu
2026-06-21T03:39:55.559282  Strait-of-Hormuz.ir.jursdheks.info.:88 OK     0.142s   eu
2026-06-21T03:39:55.581681  195.63.140.30:8443             OK     0.144s   eu
2026-06-21T03:39:55.599025  melat.managep.info:443         OK     0.158s   eu
2026-06-21T03:39:55.617093  91.107.254.122:443             OK     0.156s   eu
2026-06-21T03:39:55.618822  link.mishkalapy.life:443       OK     0.674s   eu
2026-06-21T03:39:55.619988  167.233.48.222:443             OK     0.157s   eu
2026-06-21T03:39:55.629032  For-best-download-iran.ir.gybshdjls.info.:88 OK     0.175s   eu
2026-06-21T03:39:55.657433  135.181.66.65:8443             OK     0.174s   eu
2026-06-21T03:39:55.658666  87.229.56.15:443               OK     0.149s   eu
2026-06-21T03:39:55.661832  79.137.196.223:3443            OK     0.158s   eu
2026-06-21T03:39:55.685571  cdn.toconvel.digital:443       OK     0.529s   eu
2026-06-21T03:39:55.723904  server.mizbanonline.info:443   OK     0.165s   eu
2026-06-21T03:39:55.745059  edge.rknwatch.digital:443      OK     0.366s   eu
2026-06-21T03:39:55.745869  zinova.co.uk.:443              OK     0.186s   eu
2026-06-21T03:39:55.746016  92.246.87.243:443              OK     0.147s   eu
2026-06-21T03:39:55.772167  new.sitemcinet.co.uk:443       OK     0.248s   eu
2026-06-21T03:39:55.775277  irancell-mci.ir.gybshdjls.info.:88 OK     0.156s   eu
2026-06-21T03:39:55.787353  nick.ciaude.co.uk:443          OK     0.17s    eu
2026-06-21T03:39:55.791557  Iran.mother.ir.jetish.info.:88 OK     0.162s   eu
2026-06-21T03:39:55.820359  bale-ai.vingardium.co.uk.:443  OK     0.163s   eu
2026-06-21T03:39:55.830514  fast.garden-troll.life:443     OK     0.351s   eu
2026-06-21T03:39:55.960620  get.utkanos.life:443           OK     0.537s   eu
2026-06-21T03:39:55.978794  cloud.neoqua.pro:443           OK     0.529s   eu
2026-06-21T03:39:56.634667  89.251.10.2:7443               FAIL   -        eu
2026-06-21T03:39:56.634879  159.69.101.234:4455            FAIL   -        eu
2026-06-21T03:39:56.635932  87.248.129.182:443             FAIL   -        eu
2026-06-21T03:39:56.637851  65.109.247.111:4455            FAIL   -        eu
2026-06-21T03:39:56.641848  195.254.165.251:25565          FAIL   -        eu
2026-06-21T03:39:56.642030  65.109.220.158:4455            FAIL   -        eu
2026-06-21T03:39:56.642125  167.233.54.153:443             FAIL   -        eu
2026-06-21T03:39:56.643804  91.107.170.201:443             FAIL   -        eu
2026-06-21T03:39:56.644899  65.109.245.230:8443            FAIL   -        eu
2026-06-21T03:39:56.645019  194.213.118.118:1010           FAIL   -        eu
2026-06-21T03:39:56.645028  iran.zibayi.shop.:888          FAIL   -        eu
2026-06-21T03:39:56.647829  163.5.31.10:8443               FAIL   -        eu
2026-06-21T03:39:56.647882  65.109.246.154:4455            FAIL   -        eu
2026-06-21T03:39:56.648813  194.213.118.117:1010           FAIL   -        eu
2026-06-21T03:39:56.649822  65.109.250.167:4455            FAIL   -        eu
2026-06-21T03:39:56.649874  37.27.218.86:4455              FAIL   -        eu
2026-06-21T03:39:56.651806  49.13.37.155:4455              FAIL   -        eu
2026-06-21T03:39:56.652390  195.254.165.247:25565          FAIL   -        eu
2026-06-21T03:39:56.652808  65.109.245.88:8443             FAIL   -        eu
2026-06-21T03:39:56.659029  91.98.17.200:4455              FAIL   -        eu
2026-06-21T03:39:56.663552  collider.web-yektanet-com.info:443 FAIL   -        eu
2026-06-21T03:39:56.670937  87.229.56.249:443              FAIL   -        eu
2026-06-21T03:39:56.710031  World-press.Online-shop.speeker-voice.avadox-zhoan.info:144 FAIL   -        eu
2026-06-21T03:39:56.769089  91.206.28.11:1010              FAIL   -        eu
2026-06-21T03:39:56.787877  5.78.29.136:4455               FAIL   -        eu
2026-06-21T03:39:56.790065  78.46.184.124:4455             FAIL   -        eu
2026-06-21T03:39:56.793962  167.233.191.17:4455            FAIL   -        eu
2026-06-21T03:39:56.798846  168.119.176.177:8080           FAIL   -        eu
2026-06-21T03:39:56.802780  167.233.184.240:4455           FAIL   -        eu
2026-06-21T03:39:56.803842  194.213.118.116:1010           FAIL   -        eu
2026-06-21T03:39:56.803903  www.law-yer.co.uk.:443         FAIL   -        eu
2026-06-21T03:39:56.806831  212.34.135.78:443              FAIL   -        eu
2026-06-21T03:39:56.807811  195.254.165.250:25565          FAIL   -        eu
2026-06-21T03:39:56.811796  dd.tgproxy.today:8080          FAIL   -        eu
2026-06-21T03:39:56.813797  65.109.245.234:4455            FAIL   -        eu
2026-06-21T03:39:56.816331  65.109.251.32:443              FAIL   -        eu
2026-06-21T03:39:56.817808  195.201.252.208:4455           FAIL   -        eu
2026-06-21T03:39:56.821825  87.248.132.34:70               FAIL   -        eu
2026-06-21T03:39:56.823801  5.78.29.32:4455                FAIL   -        eu
2026-06-21T03:39:56.824811  65.109.255.99:443              FAIL   -        eu
2026-06-21T03:39:56.893943  3.masi.masi.zban-mas.info:8888 FAIL   -        eu
2026-06-21T03:39:56.908858  152.232.8.182:443              FAIL   -        eu
2026-06-21T03:39:56.910878  87.248.129.189:4455            FAIL   -        eu
2026-06-21T03:39:56.914489  mysql-that.basalam.info:443    FAIL   -        eu
2026-06-21T03:39:56.922842  167.233.177.96:4455            FAIL   -        eu
2026-06-21T03:39:56.923009  159.69.103.2:4455              FAIL   -        eu
2026-06-21T03:39:56.928407  195.254.165.249:25565          FAIL   -        eu
2026-06-21T03:39:56.933844  65.109.243.166:4455            FAIL   -        eu
2026-06-21T03:39:56.934710  Masi.zban-df.info:8888         FAIL   -        eu
2026-06-21T03:39:56.936805  87.248.129.187:443             FAIL   -        eu
2026-06-21T03:39:56.948681  195.254.165.253:25565          FAIL   -        eu
2026-06-21T03:39:56.978034  app.aftabneta2.ir:85           FAIL   -        eu
2026-06-21T03:39:56.983235  91.107.152.184:4455            FAIL   -        eu
2026-06-21T03:39:56.989840  65.109.189.13:4455             FAIL   -        eu
2026-06-21T03:39:56.994066  93.183.88.188:443              FAIL   -        eu
2026-06-21T03:39:56.996840  91.107.159.153:4455            FAIL   -        eu
2026-06-21T03:39:57.020117  65.109.220.201:4455            FAIL   -        eu
2026-06-21T03:39:57.023842  65.109.254.146:4455            FAIL   -        eu
2026-06-21T03:39:57.058819  65.21.180.100:4455             FAIL   -        eu
2026-06-21T03:39:57.076865  87.248.129.204:443             FAIL   -        eu
2026-06-21T03:39:57.106707  195.254.165.252:25565          FAIL   -        eu
2026-06-21T03:39:57.109379  65.109.250.52:4455             FAIL   -        eu
2026-06-21T03:39:57.128198  87.248.129.203:443             FAIL   -        eu
2026-06-21T03:39:57.130644  www.beastmode.icu.:8888        FAIL   -        eu
2026-06-21T03:39:57.137844  176.65.135.65:23               FAIL   -        eu
2026-06-21T03:39:57.139110  91.107.155.223:4455            FAIL   -        eu
2026-06-21T03:39:57.141794  65.109.247.51:4455             FAIL   -        eu
2026-06-21T03:39:57.168464  91.206.28.3:1010               FAIL   -        eu
2026-06-21T03:39:57.169629  87.229.56.254:443              FAIL   -        eu
2026-06-21T03:39:57.169994  65.109.250.30:443              FAIL   -        eu
2026-06-21T03:39:57.203019  iran.proxytime.info:25565      FAIL   -        eu
2026-06-21T03:39:57.222453  5.78.29.119:4455               FAIL   -        eu
2026-06-21T03:39:57.251454  91.206.28.80:155               FAIL   -        eu
2026-06-21T03:39:57.282492  reshte.nazri.info:443          FAIL   -        eu
2026-06-21T03:39:57.319014  www.myssscript.beauty.:8888    FAIL   -        eu
2026-06-21T03:39:57.324875  vip1.shahrnetfarangsarashatelcenter.co.uk:155 FAIL   -        eu
2026-06-21T03:39:57.343370  87.248.132.99:8443             FAIL   -        eu
2026-06-21T03:39:57.345890  65.21.113.80:8443              FAIL   -        eu
2026-06-21T03:39:57.374160  65.109.249.89:443              FAIL   -        eu
2026-06-21T03:39:57.374272  87.248.129.213:443             FAIL   -        eu
2026-06-21T03:39:57.436492  www.lastingg.baby.:8888        FAIL   -        eu
2026-06-21T03:39:57.456856  87.248.129.214:443             FAIL   -        eu
2026-06-21T03:39:57.546706  general.irancell-ir.cfd:443    FAIL   -        eu
2026-06-21T03:39:57.583897  87.248.132.38:85               FAIL   -        eu
2026-06-21T03:39:57.634869  web.law-yer.co.uk.:443         FAIL   -        eu
------------------------------------------------------------

Top 20 fastest proxies:
  172.65.100.05:25565 | ping=0.001s | eu | 
  come.vak1l.ir:22 | ping=0.007s | eu | 
  iran.protocolsix.info:25565 | ping=0.019s | eu | 
  br.kingproxynewdomailasiatech.ink:22 | ping=0.02s | eu | 
  moh.kingproxynewdomailasiatech.ink:25565 | ping=0.03s | eu | 
  moh.telbet.lol:25565 | ping=0.084s | eu | 
  pizza.telbet.lol:25565 | ping=0.1s | eu | 
  sitemcinet.co.uk:443 | ping=0.113s | eu | 
  fresh.t-proxy.info.:25565 | ping=0.118s | eu | dbiz ]cdn.yektanet.com
  norm.quickdl.info:25565 | ping=0.119s | eu | 
  blue.protocolsix.info:22 | ping=0.12s | eu | 
  proxy.speedbreaker.info:25565 | ping=0.121s | eu | 
  form.quickdl.info:22 | ping=0.123s | eu | 
  persian.gulf.ir.olsjddhf.info.:88 | ping=0.142s | eu | 
  Strait-of-Hormuz.ir.jursdheks.info.:88 | ping=0.142s | eu | 
  195.63.142.27:8443 | ping=0.144s | eu | c!i] ]biscotti.yektanet.com
  87.248.149.60:443 | ping=0.144s | eu | 
  195.63.139.135:8443 | ping=0.144s | eu | c!i] ]biscotti.yektanet.com
  total.beyondeson-co.cfd:443 | ping=0.144s | eu | 
  87.248.149.30:443 | ping=0.144s | eu | 
