Verification log – 2026-07-07 04:46:57 UTC
Execution time: 47.4s
Total proxies tested: 298
Working proxies found: 197
------------------------------------------------------------
Timestamp                   Host:Port                      Status Ping     Region
------------------------------------------------------------
2026-07-07T04:46:47.282913  Komatso-Japan.www.google.com.ganool-com.info:300 FAIL   -        eu
2026-07-07T04:46:47.285593  dark.basicscotch.co.uk:22      OK     0.015s   eu
2026-07-07T04:46:47.339022  2.telbet.lol:25565             OK     0.069s   eu
2026-07-07T04:46:47.342274  87.248.132.201:1010            OK     0.084s   eu
2026-07-07T04:46:47.343582  Q4.opt-meli.info:443           FAIL   -        eu
2026-07-07T04:46:47.345239  87.248.129.47:443              OK     0.088s   eu
2026-07-07T04:46:47.346572  194.77.70.85:8080              OK     0.084s   eu
2026-07-07T04:46:47.347421  195.254.165.247:25565          FAIL   -        eu
2026-07-07T04:46:47.348208  87.229.56.10:443               OK     0.084s   eu
2026-07-07T04:46:47.350153  87.248.132.34:70               FAIL   -        eu
2026-07-07T04:46:47.350891  1.telbet.lol:25565             OK     0.083s   eu
2026-07-07T04:46:47.352711  194.77.70.23:8080              OK     0.085s   eu
2026-07-07T04:46:47.353309  rain.golgoli2.co.uk:2096       OK     0.095s   eu
2026-07-07T04:46:47.353611  rain.golgoli2.co.uk:443        OK     0.095s   eu
2026-07-07T04:46:47.353784  23.88.51.230:443               OK     0.095s   eu
2026-07-07T04:46:47.354590  92.246.87.243:443              OK     0.093s   eu
2026-07-07T04:46:47.357239  whale.babysharkollah.co.uk:8443 OK     0.098s   eu
2026-07-07T04:46:47.358773  permiiium.lavazemi2.co.uk:2096 OK     0.096s   eu
2026-07-07T04:46:47.359598  91.107.153.231:23              OK     0.096s   eu
2026-07-07T04:46:47.360947  ipv6.ssh-sec.co.uk:443         OK     0.089s   eu
2026-07-07T04:46:47.362194  8f3d1c4e-a9b2-475c-8e1f-2d6a9b4c7e3f.casa:80 OK     0.101s   eu
2026-07-07T04:46:47.364031  developer.davazdah.info:443    OK     0.106s   eu
2026-07-07T04:46:47.364169  master2.ir-vlue3.ir:8880       FAIL   -        eu
2026-07-07T04:46:47.364961  room.talebi.co.uk:443          OK     0.098s   eu
2026-07-07T04:46:47.365899  groupe.avacloud.info:443       OK     0.102s   eu
2026-07-07T04:46:47.366157  135.181.74.178:443             OK     0.109s   eu
2026-07-07T04:46:47.366805  ftp.asiaadomainsshatelhamrahaval.co.uk.:443 OK     0.104s   eu
2026-07-07T04:46:47.367081  book.malavanann.co.uk:2096     OK     0.099s   eu
2026-07-07T04:46:47.367664  noron.jamejanhani1.co.uk:443   OK     0.097s   eu
2026-07-07T04:46:47.368074  195.254.165.250:25565          FAIL   -        eu
2026-07-07T04:46:47.368438  top.jamejanhani2.co.uk:443     OK     0.095s   eu
2026-07-07T04:46:47.368454  ocean.babysharkollah.co.uk:8443 OK     0.096s   eu
2026-07-07T04:46:47.370955  are.HajHossein.Esq:8880        OK     0.107s   eu
2026-07-07T04:46:47.373887  65.109.147.39:443              OK     0.108s   eu
2026-07-07T04:46:47.374033  167.233.228.78:1010            OK     0.097s   eu
2026-07-07T04:46:47.377199  188.40.68.169:8443             OK     0.117s   eu
2026-07-07T04:46:47.380995  my.jinxandjack.co.uk.:443      OK     0.108s   eu
2026-07-07T04:46:47.381712  shir.dokhtar.hedoit.info:443   OK     0.113s   eu
2026-07-07T04:46:47.388059  737276713370.ir.fulle7.info:8443 OK     0.127s   eu
2026-07-07T04:46:47.389898  ns2.what-ever.co.uk.:443       OK     0.119s   eu
2026-07-07T04:46:47.391398  bale-ai.vingardium.co.uk.:443  OK     0.118s   eu
2026-07-07T04:46:47.394419  7e666hfh.ir.meli-n13.info:8443 OK     0.13s    eu
2026-07-07T04:46:47.394903  iran-khodro.denatara.info:443  OK     0.124s   eu
2026-07-07T04:46:47.399611  sv7.hajhossein.observer:443    OK     0.139s   eu
2026-07-07T04:46:47.406771  borj-pooshak-brj.aseman.info:443 OK     0.132s   eu
2026-07-07T04:46:47.408660  31.210.40.211:1010             OK     0.132s   eu
2026-07-07T04:46:47.409116  sabon.tashkilat.info:443       OK     0.135s   eu
2026-07-07T04:46:47.419305  hetzner.itsnotrocket.co.uk:443 OK     0.151s   eu
2026-07-07T04:46:47.421617  06954244.etherealvpn.uk:443    OK     0.162s   eu
2026-07-07T04:46:47.426982  hetzner.rathmullan.co.uk.:443  OK     0.164s   eu
2026-07-07T04:46:47.427133  cinema-hulk.avangement.info:443 OK     0.153s   eu
2026-07-07T04:46:47.429253  87.248.132.102:1010            OK     0.084s   eu
2026-07-07T04:46:47.434812  87.248.129.180:443             OK     0.087s   eu
2026-07-07T04:46:47.436539  mobleman.tashkilat.info:443    OK     0.169s   eu
2026-07-07T04:46:47.440054  Fuck-War.harcibasheokeye.ir:110 FAIL   -        eu
2026-07-07T04:46:47.442047  sv4.hajhossein.observer:443    OK     0.182s   eu
2026-07-07T04:46:47.442288  mc-ssh.t-proxyru.info.:25565   OK     0.074s   eu
2026-07-07T04:46:47.444092  194.77.70.81:8080              OK     0.084s   eu
2026-07-07T04:46:47.444273  116.202.20.234:8443            FAIL   -        eu
2026-07-07T04:46:47.444847  ssv.ir-vlue3.ir:8880           FAIL   -        eu
2026-07-07T04:46:47.447150  win.golgoli1.co.uk:443         OK     0.094s   eu
2026-07-07T04:46:47.448265  167.233.179.218:443            FAIL   -        eu
2026-07-07T04:46:47.451899  signin-signout-manager.davazdah.info:443 OK     0.166s   eu
2026-07-07T04:46:47.457908  ams1.tlgfast.com:443           OK     0.092s   eu
2026-07-07T04:46:47.458410  87.248.132.99:8443             FAIL   -        eu
2026-07-07T04:46:47.459436  887881z367752876777.ir.fulldf.info:8443 OK     0.193s   eu
2026-07-07T04:46:47.461022  syntax.ddnscdn.sbs.:443        OK     0.102s   eu
2026-07-07T04:46:47.462205  45.135.194.28:37               FAIL   -        eu
2026-07-07T04:46:47.463606  sv2.just-money.co.uk:443       OK     0.11s    eu
2026-07-07T04:46:47.467403  host.numbplodab.co.uk:443      OK     0.096s   eu
2026-07-07T04:46:47.468052  s2.postpulse.space:443         OK     0.194s   eu
2026-07-07T04:46:47.480028  dena-plus-auto.denatara.info:443 OK     0.203s   eu
2026-07-07T04:46:47.481435  91.107.241.137:23              OK     0.093s   eu
2026-07-07T04:46:47.482872  Refral-Cover.kalakbazi-co.co.uk:65 OK     0.216s   eu
2026-07-07T04:46:47.489365  mini.lavazemi4.co.uk:443       OK     0.206s   eu
2026-07-07T04:46:47.489945  brivora.co.uk.:443             OK     0.214s   eu
2026-07-07T04:46:47.492606  sv3.hajhossein.observer:443    OK     0.223s   eu
2026-07-07T04:46:47.493087  PAyDaR.goooalir.co.uk:8443     OK     0.136s   eu
2026-07-07T04:46:47.499302  FOR-IRAN.goooalir.co.uk:8443   OK     0.122s   eu
2026-07-07T04:46:47.503815  super.sub-ploter.co.uk:25565   OK     0.022s   eu
2026-07-07T04:46:47.511545  hetzner.philgent.co.uk.:443    FAIL   -        eu
2026-07-07T04:46:47.514795  116.202.55.31:25565            OK     0.095s   eu
2026-07-07T04:46:47.516628  edge.ehtemal.info:443          OK     0.089s   eu
2026-07-07T04:46:47.518435  master.ir-vlue3.ir:8880        FAIL   -        eu
2026-07-07T04:46:47.520982  87.229.56.15:443               OK     0.084s   eu
2026-07-07T04:46:47.523116  br8ta.co.uk.:443               OK     0.128s   eu
2026-07-07T04:46:47.524464  0d0c4964.etherealvpn.uk:443    FAIL   -        eu
2026-07-07T04:46:47.528364  194.77.70.84:8080              OK     0.086s   eu
2026-07-07T04:46:47.533258  shir.pesar.hedoit.info:443     OK     0.191s   eu
2026-07-07T04:46:47.542059  win.golgoli1.co.uk:2053        OK     0.094s   eu
2026-07-07T04:46:47.542596  kalakbaz.kalakbazi-co.co.uk:443 OK     0.281s   eu
2026-07-07T04:46:47.542863  3.telbet.lol:25565             OK     0.136s   eu
2026-07-07T04:46:47.546642  152.232.9.254:443              OK     0.087s   eu
2026-07-07T04:46:47.548267  167.233.229.81:1010            OK     0.096s   eu
2026-07-07T04:46:47.554352  co.uk.zendrip.ir:443           OK     0.28s    eu
2026-07-07T04:46:47.554565  h.hajagha.co.uk:443            OK     0.297s   eu
2026-07-07T04:46:47.560891  vagon.belotfelipo.co.uk:443    OK     0.296s   eu
2026-07-07T04:46:47.565019  blue.golgoli2.co.uk:2096       OK     0.296s   eu
2026-07-07T04:46:47.565321  blue.golgoli2.co.uk:443        OK     0.184s   eu
2026-07-07T04:46:47.568683  miz.tashkilat.info:443         OK     0.142s   eu
2026-07-07T04:46:47.570885  box.lavazemi5.co.uk:2053       OK     0.306s   eu
2026-07-07T04:46:47.571336  87.248.129.130:443             OK     0.088s   eu
2026-07-07T04:46:47.572062  Www.karako.co.uk:600           OK     0.211s   eu
2026-07-07T04:46:47.572173  www.karako.co.uk:600           OK     0.296s   eu
2026-07-07T04:46:47.574754  mmd.meli-n12.info:8443         OK     0.183s   eu
2026-07-07T04:46:47.574874  sherkat.noavaran.novin.gostare.kosha.tashkilat.info:443 OK     0.117s   eu
2026-07-07T04:46:47.581961  nick.ciaude.co.uk:443          OK     0.306s   eu
2026-07-07T04:46:47.584141  b.sub-ploter.co.uk:22          OK     0.219s   eu
2026-07-07T04:46:47.586810  ftp.vingardium.co.uk.:443      OK     0.314s   eu
2026-07-07T04:46:47.586822  tanzibjf.club.:443             OK     0.126s   eu
2026-07-07T04:46:47.588860  5.75.212.213:8443              OK     0.096s   eu
2026-07-07T04:46:47.601610  207pana.denatara.info:443      OK     0.237s   eu
2026-07-07T04:46:47.602589  194.77.70.83:8080              OK     0.086s   eu
2026-07-07T04:46:47.603405  Www.merco-karco.website:443    OK     0.141s   eu
2026-07-07T04:46:47.605029  194.77.70.40:8880              OK     0.084s   eu
2026-07-07T04:46:47.605578  openhostings.co.uk.:443        OK     0.116s   eu
2026-07-07T04:46:47.609218  webhook.what-ever.co.uk.:443   OK     0.339s   eu
2026-07-07T04:46:47.609231  87.248.132.2:443               FAIL   -        eu
2026-07-07T04:46:47.613521  hetzner.databots.co.uk.:443    FAIL   -        eu
2026-07-07T04:46:47.624587  93.183.88.188:443              OK     0.121s   eu
2026-07-07T04:46:47.628068  response.aseman.info:443       OK     0.129s   eu
2026-07-07T04:46:47.628637  jiko-pok.lamari.info:443       OK     0.165s   eu
2026-07-07T04:46:47.633131  chat.avacloud.info:443         OK     0.09s    eu
2026-07-07T04:46:47.634765  aghaye.aseman.info:443         OK     0.176s   eu
2026-07-07T04:46:47.638292  87.248.132.38:85               FAIL   -        eu
2026-07-07T04:46:47.642395  77ehfh.ir.meli-n13.info:8443   OK     0.109s   eu
2026-07-07T04:46:47.650917  87.248.132.3:1010              OK     0.09s    eu
2026-07-07T04:46:47.654418  numbplodab.co.uk:443           OK     0.29s    eu
2026-07-07T04:46:47.657067  web.jinxandjack.co.uk.:443     OK     0.318s   eu
2026-07-07T04:46:47.657301  ikco.denatara.info:443         OK     0.129s   eu
2026-07-07T04:46:47.657667  total.beyondeson-co.cfd:443    OK     0.111s   eu
2026-07-07T04:46:47.658752  sv.hajhossein.observer:443     OK     0.14s    eu
2026-07-07T04:46:47.661721  195.254.165.249:25565          FAIL   -        eu
2026-07-07T04:46:47.668585  87.229.56.5:443                OK     0.084s   eu
2026-07-07T04:46:47.668768  ns1.what-ever.co.uk.:443       OK     0.114s   eu
2026-07-07T04:46:47.669846  logs.jinxandjack.co.uk.:443    OK     0.304s   eu
2026-07-07T04:46:47.679385  app.kvakzon.top:443            OK     0.336s   eu
2026-07-07T04:46:47.684495  109.122.198.203:443            OK     0.098s   eu
2026-07-07T04:46:47.690516  87.248.132.101:1010            OK     0.085s   eu
2026-07-07T04:46:47.692706  79.175.149.108:911             FAIL   -        eu
2026-07-07T04:46:47.695302  webhook.vingardium.co.uk.:443  OK     0.108s   eu
2026-07-07T04:46:47.695318  zinova.co.uk.:443              OK     0.12s    eu
2026-07-07T04:46:47.701195  host.mizbanonline.info:443     OK     0.119s   eu
2026-07-07T04:46:47.705567  blond.basicscotch.co.uk:25565  OK     0.213s   eu
2026-07-07T04:46:47.715074  worldcup.avacloud.info:443     OK     0.106s   eu
2026-07-07T04:46:47.717832  87.248.129.16:8443             OK     0.09s    eu
2026-07-07T04:46:47.718009  87.229.56.7:443                OK     0.085s   eu
2026-07-07T04:46:47.720465  yekta.blazepath.info:443       FAIL   -        eu
2026-07-07T04:46:47.728747  web.asiaadomainsshatelhamrahaval.co.uk.:443 OK     0.319s   eu
2026-07-07T04:46:47.728774  be60e38d.etherealvpn.uk:443    OK     0.355s   eu
2026-07-07T04:46:47.735417  ssv2.ir-vlue3.ir:8880          FAIL   -        eu
2026-07-07T04:46:47.738512  achar-ghofli-chie.avangement.info:443 OK     0.11s    eu
2026-07-07T04:46:47.742425  www.merco-karco.website:443    OK     0.091s   eu
2026-07-07T04:46:47.742450  79.175.149.108:443             FAIL   -        eu
2026-07-07T04:46:47.742709  87.229.56.8:443                OK     0.085s   eu
2026-07-07T04:46:47.745578  just.hedoit.info:443           OK     0.142s   eu
2026-07-07T04:46:47.753876  moh.kingproxynewdomailasiatech.ink:25565 OK     0.211s   eu
2026-07-07T04:46:47.754638  s3.postpulse.space:443         OK     0.182s   eu
2026-07-07T04:46:47.755922  146.103.104.26:443             FAIL   -        eu
2026-07-07T04:46:47.759664  net.pelmeshka.top:443          OK     0.365s   eu
2026-07-07T04:46:47.764333  87.248.132.202:1010            OK     0.085s   eu
2026-07-07T04:46:47.765641  fresh.t-proxy.info.:25565      OK     0.023s   eu
2026-07-07T04:46:47.766990  mine.talebi.co.uk:443          OK     0.097s   eu
2026-07-07T04:46:47.767353  87.248.134.172:443             FAIL   -        eu
2026-07-07T04:46:47.768867  87.248.132.4:1010              OK     0.084s   eu
2026-07-07T04:46:47.778481  company.avacloud.info:443      OK     0.088s   eu
2026-07-07T04:46:47.780936  box.lavazemi5.co.uk:443        OK     0.088s   eu
2026-07-07T04:46:47.790128  87.229.56.6:443                OK     0.084s   eu
2026-07-07T04:46:47.793999  167.233.239.89:1010            OK     0.099s   eu
2026-07-07T04:46:47.806476  basic.here-funnycloud.co.uk:443 OK     0.091s   eu
2026-07-07T04:46:47.809194  gate.klyuch1k.org:443          OK     0.367s   eu
2026-07-07T04:46:47.826569  87.248.134.204:443             FAIL   -        eu
2026-07-07T04:46:47.828232  mizanesgh.info:443             OK     0.099s   eu
2026-07-07T04:46:47.830733  gorbeye-7000-sale.asiaadomainsshatelhamrahaval.co.uk.:443 OK     0.316s   eu
2026-07-07T04:46:47.836260  87.248.129.99:443              OK     0.093s   eu
2026-07-07T04:46:47.836695  ftp.jinxandjack.co.uk.:443     OK     0.101s   eu
2026-07-07T04:46:47.845152  hetzner.bkontek.co.uk.:443     FAIL   -        eu
2026-07-07T04:46:47.846674  tassian.goooalir.co.uk:8443    OK     0.305s   eu
2026-07-07T04:46:47.849077  ad1.arixo.shop:443             OK     0.129s   eu
2026-07-07T04:46:47.851528  master3.ir-vlue3.ir:8880       FAIL   -        eu
2026-07-07T04:46:47.851851  Barcode.kangoro-boll.co.uk.:443 OK     0.113s   eu
2026-07-07T04:46:47.855264  sv5.hajhossein.observer:443    OK     0.101s   eu
2026-07-07T04:46:47.859753  football.world-pro.co.uk:25565 OK     0.288s   eu
2026-07-07T04:46:47.861531  167.233.197.66:1010            OK     0.094s   eu
2026-07-07T04:46:47.864214  95.217.69.50:25565             OK     0.108s   eu
2026-07-07T04:46:47.865526  138.124.33.176:443             OK     0.098s   eu
2026-07-07T04:46:47.869486  soh5.goooalir.co.uk:8443       OK     0.304s   eu
2026-07-07T04:46:47.872204  permiiium.lavazemi2.co.uk:443  OK     0.094s   eu
2026-07-07T04:46:47.899625  belotfelipo.larilarilaylay.ir:443 OK     0.286s   eu
2026-07-07T04:46:47.908479  s1.postpulse.space:443         OK     0.143s   eu
2026-07-07T04:46:47.909518  79.175.149.108:443             FAIL   -        eu
2026-07-07T04:46:47.911204  nick.talebi.co.uk:443          OK     0.308s   eu
2026-07-07T04:46:47.912057  br.kingproxynewdomailasiatech.ink:22 OK     0.067s   eu
2026-07-07T04:46:47.914421  65.108.126.206:443             OK     0.108s   eu
2026-07-07T04:46:47.917474  webhook.darkmoon.ir.:443       OK     0.263s   eu
2026-07-07T04:46:47.918917  wan.asiaadomainsshatelhamrahaval.co.uk.:443 OK     0.317s   eu
2026-07-07T04:46:47.921876  lux.lavazemi1.co.uk:2096       OK     0.095s   eu
2026-07-07T04:46:47.923674  Team.hafthashtgswreqetdgsrwrpi-esoiiisolfnwfsksjvwu-urishklfduiwoehv.info.:6773 FAIL   -        eu
2026-07-07T04:46:47.931331  webgah.masachoset-belosan.co.uk:443 OK     0.23s    eu
2026-07-07T04:46:47.936894  World-press.Online-shop.speeker-voice.avadox-zhoan.info:144 FAIL   -        eu
2026-07-07T04:46:47.940246  87.248.129.48:8080             OK     0.089s   eu
2026-07-07T04:46:47.944485  167.233.18.41:8080             FAIL   -        eu
2026-07-07T04:46:47.947124  fas8t.co.uk.:443               OK     0.1s     eu
2026-07-07T04:46:47.947722  87.248.129.49:443              OK     0.088s   eu
2026-07-07T04:46:47.948706  sv.hajhossein.observer:443     OK     0.093s   eu
2026-07-07T04:46:47.959615  sv.just-money.co.uk:443        OK     0.095s   eu
2026-07-07T04:46:47.963877  api-web.asiaadomainsshatelhamrahaval.co.uk.:443 OK     0.307s   eu
2026-07-07T04:46:47.982661  b8rta.co.uk.:443               OK     0.218s   eu
2026-07-07T04:46:47.985871  rudomain.info.:443             OK     0.114s   eu
2026-07-07T04:46:47.986934  syntax.lamari.info:443         OK     0.159s   eu
2026-07-07T04:46:47.992436  node.nowabst.net:853           FAIL   -        eu
2026-07-07T04:46:47.994393  gol.pesar.hedoit.info:443      OK     0.095s   eu
2026-07-07T04:46:47.994744  87.229.56.20:443               OK     0.085s   eu
2026-07-07T04:46:47.998694  book.malavanann.co.uk:2053     OK     0.087s   eu
2026-07-07T04:46:48.011966  moon.talebi.co.uk:443          OK     0.294s   eu
2026-07-07T04:46:48.012622  kala.golgoli1.co.uk:443        OK     0.095s   eu
2026-07-07T04:46:48.018786  veloxnetworks.co.uk.:443       OK     0.301s   eu
2026-07-07T04:46:48.072324  tabibie.del.davazdah.info:443  OK     0.236s   eu
2026-07-07T04:46:48.077606  lamber.keremlino.lifestyle:8008 OK     0.159s   eu
2026-07-07T04:46:48.100368  mirror.malevich7.top:443       OK     0.319s   eu
2026-07-07T04:46:48.100520  7ehfh.ir.meli-n13.info:8443    OK     0.192s   eu
2026-07-07T04:46:48.129194  app.rknwatch.digital:443       OK     0.4s     eu
2026-07-07T04:46:48.156149  www.vingardium.co.uk.:443      OK     0.325s   eu
2026-07-07T04:46:48.218269  mahopinami.co.uk:443           OK     0.296s   eu
2026-07-07T04:46:48.229030  web.utkanos.life:443           OK     0.367s   eu
2026-07-07T04:46:48.270723  best-ruter.eyvazi-master.ir:9741 FAIL   -        eu
2026-07-07T04:46:48.428904  goodman.lamari.info:443        OK     1.168s   eu
2026-07-07T04:46:48.500045  icon.davazdah.info:443         OK     1.235s   eu
2026-07-07T04:46:48.503985  gol.dokhtar.hedoit.info:443    OK     1.239s   eu
2026-07-07T04:46:48.577091  79.175.149.121:443             OK     1.187s   eu
2026-07-07T04:46:48.816091  nab.goooalir.co.uk:8443        OK     1.159s   eu
2026-07-07T04:46:48.936164  haghgo.masnavi.info:443        OK     1.146s   eu
2026-07-07T04:46:49.261455  85.133.238.5:8880              FAIL   -        eu
2026-07-07T04:46:49.261486  87.248.129.176:443             FAIL   -        eu
2026-07-07T04:46:49.261604  85.133.236.3:8880              FAIL   -        eu
2026-07-07T04:46:49.262398  85.133.238.4:8880              FAIL   -        eu
2026-07-07T04:46:49.263355  194.213.118.192:443            FAIL   -        eu
2026-07-07T04:46:49.264356  194.213.118.193:443            FAIL   -        eu
2026-07-07T04:46:49.265187  85.133.236.4:443               FAIL   -        eu
2026-07-07T04:46:49.265363  65.109.30.135:8443             FAIL   -        eu
2026-07-07T04:46:49.265457  23.229.66.163:443              FAIL   -        eu
2026-07-07T04:46:49.267352  163.5.31.10:8443               FAIL   -        eu
2026-07-07T04:46:49.269299  89.167.21.138:1010             FAIL   -        eu
2026-07-07T04:46:49.270346  194.213.118.201:1010           FAIL   -        eu
2026-07-07T04:46:49.272355  87.248.129.178:443             FAIL   -        eu
2026-07-07T04:46:49.274724  152.232.8.182:443              FAIL   -        eu
2026-07-07T04:46:49.274788  159.223.143.213:1010           FAIL   -        eu
2026-07-07T04:46:49.275346  194.213.118.202:1010           FAIL   -        eu
2026-07-07T04:46:49.276375  87.248.129.178:2096            FAIL   -        eu
2026-07-07T04:46:49.276439  87.248.132.204:1010            FAIL   -        eu
2026-07-07T04:46:49.277354  87.248.129.174:2053            FAIL   -        eu
2026-07-07T04:46:49.278364  85.133.236.4:8880              FAIL   -        eu
2026-07-07T04:46:49.279349  87.248.129.179:443             FAIL   -        eu
2026-07-07T04:46:49.281330  https-cdn-ddns.itdeveloper.info.:88 FAIL   -        eu
2026-07-07T04:46:49.290892  s03.neo-trading.org:443        FAIL   -        ru
2026-07-07T04:46:49.296396  s02.neo-trading.org:443        FAIL   -        ru
2026-07-07T04:46:49.305367  2108492e.etherealvpn.uk:443    FAIL   -        eu
2026-07-07T04:46:49.352352  188.245.149.175:8443           FAIL   -        eu
2026-07-07T04:46:49.355793  195.254.165.252:25565          FAIL   -        eu
2026-07-07T04:46:49.362714  go.vingardium.co.uk.:8443      FAIL   -        eu
2026-07-07T04:46:49.368982  85.133.238.4:443               FAIL   -        eu
2026-07-07T04:46:49.369070  85.133.236.5:8880              FAIL   -        eu
2026-07-07T04:46:49.376792  goo.vingardium.co.uk.:8443     FAIL   -        eu
2026-07-07T04:46:49.383111  85.133.238.3:8880              FAIL   -        eu
2026-07-07T04:46:49.410852  87.248.129.173:2053            FAIL   -        eu
2026-07-07T04:46:49.423409  68.209.57.138:443              FAIL   -        eu
2026-07-07T04:46:49.437023  188.245.222.209:1010           FAIL   -        eu
2026-07-07T04:46:49.441343  hetzner.enenet.co.uk.:443      FAIL   -        eu
2026-07-07T04:46:49.442237  212.34.135.78:443              FAIL   -        eu
2026-07-07T04:46:49.446243  5.75.172.150:8443              FAIL   -        eu
2026-07-07T04:46:49.446357  85.133.236.3:443               FAIL   -        eu
2026-07-07T04:46:49.448366  89.251.10.2:7443               FAIL   -        eu
2026-07-07T04:46:49.469505  194.213.118.200:1010           FAIL   -        eu
2026-07-07T04:46:49.470190  68.183.32.192:1010             FAIL   -        eu
2026-07-07T04:46:49.482176  195.254.165.253:25565          FAIL   -        eu
2026-07-07T04:46:49.491513  87.248.129.176:2053            FAIL   -        eu
2026-07-07T04:46:49.526677  5.78.98.16:1010                FAIL   -        eu
2026-07-07T04:46:49.543768  hetzner.barhousefarm.co.uk.:443 FAIL   -        eu
2026-07-07T04:46:49.566835  www.myssscript.beauty.:8888    FAIL   -        eu
2026-07-07T04:46:49.577013  79.133.126.125:443             FAIL   -        eu
2026-07-07T04:46:49.650251  s01.neo-trading.org:443        FAIL   -        ru
2026-07-07T04:46:49.659817  app.aftabneta2.ir:85           FAIL   -        eu
2026-07-07T04:46:49.670960  65.109.30.137:8443             FAIL   -        eu
2026-07-07T04:46:49.709345  sv2.hajhossein.observer:443    FAIL   -        eu
2026-07-07T04:46:49.747770  87.248.129.175:443             FAIL   -        eu
2026-07-07T04:46:49.783863  nims.dotadotnet.ir:8443        FAIL   -        eu
2026-07-07T04:46:49.796209  85.133.238.3:443               FAIL   -        eu
2026-07-07T04:46:49.848478  www.beastmode.icu.:8888        FAIL   -        eu
2026-07-07T04:46:49.854042  195.254.165.251:25565          FAIL   -        eu
2026-07-07T04:46:49.895370  dd.tgproxy.today:8080          FAIL   -        eu
2026-07-07T04:46:49.896204  www.lastingg.baby.:8888        FAIL   -        eu
2026-07-07T04:46:49.914250  176.65.135.65:23               FAIL   -        eu
2026-07-07T04:46:50.009365  webhook.bkontek.co.uk.:443     FAIL   -        eu
2026-07-07T04:46:57.444131  sitemcinet.co.uk:443           FAIL   -        eu
2026-07-07T04:46:57.526154  Masi.zban-df.info:8888         FAIL   -        eu
2026-07-07T04:46:57.672151  iran.zibayi.shop.:888          FAIL   -        eu
2026-07-07T04:46:57.825009  new.sitemcinet.co.uk:443       FAIL   -        eu
2026-07-07T04:46:57.879757  3.masi.masi.zban-mas.info:8888 FAIL   -        eu
------------------------------------------------------------

Top 20 fastest proxies:
  dark.basicscotch.co.uk:22 | ping=0.015s | eu | 
  super.sub-ploter.co.uk:25565 | ping=0.022s | eu | 
  fresh.t-proxy.info.:25565 | ping=0.023s | eu | dbiz ]cdn.yektanet.com
  br.kingproxynewdomailasiatech.ink:22 | ping=0.067s | eu | 
  2.telbet.lol:25565 | ping=0.069s | eu | 
  mc-ssh.t-proxyru.info.:25565 | ping=0.074s | eu | dbiz ]cdn.yektanet.com
  1.telbet.lol:25565 | ping=0.083s | eu | 
  87.248.132.201:1010 | ping=0.084s | eu | 
  194.77.70.85:8080 | ping=0.084s | eu | 
  87.229.56.10:443 | ping=0.084s | eu | 
  87.248.132.102:1010 | ping=0.084s | eu | 
  194.77.70.81:8080 | ping=0.084s | eu | 
  87.229.56.15:443 | ping=0.084s | eu | 
  194.77.70.40:8880 | ping=0.084s | eu | 
  87.229.56.5:443 | ping=0.084s | eu | 
  87.248.132.4:1010 | ping=0.084s | eu | 
  87.229.56.6:443 | ping=0.084s | eu | 
  194.77.70.23:8080 | ping=0.085s | eu | 
  87.248.132.101:1010 | ping=0.085s | eu | 
  87.229.56.7:443 | ping=0.085s | eu | 
