Verification log – 2026-07-05 03:42:02 UTC
Execution time: 50.3s
Total proxies tested: 315
Working proxies found: 202
------------------------------------------------------------
Timestamp                   Host:Port                      Status Ping     Region
------------------------------------------------------------
2026-07-05T03:41:51.399280  World-press.Online-shop.speeker-voice.avadox-zhoan.info:144 FAIL   -        eu
2026-07-05T03:41:51.404810  mc-ssh.t-proxyru.info.:25565   OK     0.017s   eu
2026-07-05T03:41:51.523183  194.77.70.85:8080              OK     0.147s   eu
2026-07-05T03:41:51.525010  138.124.33.176:443             OK     0.151s   eu
2026-07-05T03:41:51.525180  87.229.56.8:443                OK     0.146s   eu
2026-07-05T03:41:51.526479  87.248.132.34:70               FAIL   -        eu
2026-07-05T03:41:51.527162  87.248.134.204:443             FAIL   -        eu
2026-07-05T03:41:51.527803  92.246.87.242:443              OK     0.146s   eu
2026-07-05T03:41:51.527946  lux.lavazemi1.co.uk:2096       OK     0.155s   eu
2026-07-05T03:41:51.529167  91.107.178.196:443             FAIL   -        eu
2026-07-05T03:41:51.530214  194.77.70.23:8080              OK     0.16s    eu
2026-07-05T03:41:51.533896  87.229.56.5:443                OK     0.154s   eu
2026-07-05T03:41:51.535142  numbplodab.co.uk:443           OK     0.16s    eu
2026-07-05T03:41:51.535524  87.229.56.182:443              OK     0.161s   eu
2026-07-05T03:41:51.536466  87.248.132.201:1010            OK     0.153s   eu
2026-07-05T03:41:51.540167  92.246.87.243:443              OK     0.148s   eu
2026-07-05T03:41:51.541931  87.248.132.101:1010            OK     0.147s   eu
2026-07-05T03:41:51.542517  Www.merco-karco.website:443    OK     0.17s    eu
2026-07-05T03:41:51.542910  167.233.177.142:8443           FAIL   -        eu
2026-07-05T03:41:51.543878  195.254.165.247:25565          FAIL   -        eu
2026-07-05T03:41:51.544089  109.122.198.203:443            OK     0.155s   eu
2026-07-05T03:41:51.544889  total.beyondeson-co.cfd:443    OK     0.164s   eu
2026-07-05T03:41:51.545579  194.77.70.40:8880              OK     0.159s   eu
2026-07-05T03:41:51.545735  mine.talebi.co.uk:443          OK     0.153s   eu
2026-07-05T03:41:51.545987  87.248.132.102:1010            OK     0.16s    eu
2026-07-05T03:41:51.546775  brivora.co.uk.:443             OK     0.169s   eu
2026-07-05T03:41:51.547569  my.jinxandjack.co.uk.:443      OK     0.174s   eu
2026-07-05T03:41:51.548197  78.47.57.141:8443              OK     0.157s   eu
2026-07-05T03:41:51.549696  87.248.132.4:1010              OK     0.159s   eu
2026-07-05T03:41:51.556414  host.mizbanonline.info:443     OK     0.18s    eu
2026-07-05T03:41:51.559474  tanzibjf.club.:443             OK     0.189s   eu
2026-07-05T03:41:51.563371  www.merco-karco.website:443    OK     0.158s   eu
2026-07-05T03:41:51.563577  icon.davazdah.info:443         OK     0.188s   eu
2026-07-05T03:41:51.565517  95.217.69.50:25565             OK     0.182s   eu
2026-07-05T03:41:51.566404  ge.nowabst.net:853             OK     0.177s   ru
2026-07-05T03:41:51.567455  mt.nowabst.net:853             OK     0.176s   ru
2026-07-05T03:41:51.567976  web-api.muffinnoliershatelcomingsoon.co.uk.:443 FAIL   -        eu
2026-07-05T03:41:51.568132  fresh.t-proxy.info.:25565      OK     0.025s   eu
2026-07-05T03:41:51.568863  shir.dokhtar.hedoit.info:443   OK     0.184s   eu
2026-07-05T03:41:51.569758  hetzner.philgent.co.uk.:443    FAIL   -        eu
2026-07-05T03:41:51.572408  ftp.vingardium.co.uk.:443      OK     0.193s   eu
2026-07-05T03:41:51.572559  gorbeye-7000-sale.asiaadomainsshatelhamrahaval.co.uk.:443 OK     0.19s    eu
2026-07-05T03:41:51.572577  87.248.132.2:443               FAIL   -        eu
2026-07-05T03:41:51.574552  www.vingardium.co.uk.:443      OK     0.19s    eu
2026-07-05T03:41:51.574845  web.asiaadomainsshatelhamrahaval.co.uk.:443 OK     0.193s   eu
2026-07-05T03:41:51.575796  65.21.190.162:443              OK     0.184s   eu
2026-07-05T03:41:51.580658  sv3.hajhossein.observer:443    OK     0.21s    eu
2026-07-05T03:41:51.582199  ad2.arixo.shop:443             OK     0.196s   eu
2026-07-05T03:41:51.583634  hetzner.bkontek.co.uk.:443     FAIL   -        eu
2026-07-05T03:41:51.584948  sv5.hajhossein.observer:443    OK     0.207s   eu
2026-07-05T03:41:51.585360  mizanesgh.info:443             OK     0.195s   eu
2026-07-05T03:41:51.588432  8985d91b.etherealvpn.uk:443    OK     0.209s   eu
2026-07-05T03:41:51.592196  2.telbet.lol:25565             OK     0.066s   eu
2026-07-05T03:41:51.593647  worldcup.avacloud.info:443     OK     0.194s   eu
2026-07-05T03:41:51.600849  signin-signout-manager.davazdah.info:443 OK     0.213s   eu
2026-07-05T03:41:51.617921  207pana.denatara.info:443      OK     0.236s   eu
2026-07-05T03:41:51.629186  master.ir-vlue3.ir:8880        FAIL   -        eu
2026-07-05T03:41:51.632280  ikco.denatara.info:443         OK     0.244s   eu
2026-07-05T03:41:51.665842  permiiium.lavazemi2.co.uk:443  OK     0.292s   eu
2026-07-05T03:41:51.668849  nick.talebi.co.uk:443          OK     0.292s   eu
2026-07-05T03:41:51.671329  87.248.129.130:443             OK     0.148s   eu
2026-07-05T03:41:51.676122  ftp.jinxandjack.co.uk.:443     OK     0.304s   eu
2026-07-05T03:41:51.676133  cdn.yektanet.co.uk:443         OK     0.298s   eu
2026-07-05T03:41:51.682184  sv.just-money.co.uk:443        OK     0.294s   eu
2026-07-05T03:41:51.682365  win.golgoli1.co.uk:443         OK     0.293s   eu
2026-07-05T03:41:51.682470  bo9ss.co.uk.:443               OK     0.311s   eu
2026-07-05T03:41:51.683101  velvory.co.uk.:443             OK     0.311s   eu
2026-07-05T03:41:51.685103  45.135.194.28:37               FAIL   -        eu
2026-07-05T03:41:51.685825  Q4.opt-meli.info:443           FAIL   -        eu
2026-07-05T03:41:51.688264  webhook.vingardium.co.uk.:443  OK     0.163s   eu
2026-07-05T03:41:51.693866  ftp.asiaadomainsshatelhamrahaval.co.uk.:443 OK     0.3s     eu
2026-07-05T03:41:51.696618  87.248.129.99:443              OK     0.148s   eu
2026-07-05T03:41:51.696852  yekta.blazepath.info:443       FAIL   -        eu
2026-07-05T03:41:51.700620  ns2.what-ever.co.uk.:443       OK     0.328s   eu
2026-07-05T03:41:51.701463  tassian.goooalir.co.uk:8443    OK     0.309s   eu
2026-07-05T03:41:51.704376  167.233.229.81:1010            OK     0.158s   eu
2026-07-05T03:41:51.705925  87.248.129.48:8080             OK     0.149s   eu
2026-07-05T03:41:51.707532  web.jinxandjack.co.uk.:443     OK     0.321s   eu
2026-07-05T03:41:51.710014  syntax.ddnscdn.sbs.:443        OK     0.163s   eu
2026-07-05T03:41:51.717206  152.232.9.254:443              OK     0.141s   eu
2026-07-05T03:41:51.721047  box.lavazemi5.co.uk:443        OK     0.152s   eu
2026-07-05T03:41:51.724773  vagon.belotfelipo.co.uk:443    OK     0.152s   eu
2026-07-05T03:41:51.725864  8f911859.etherealvpn.uk:443    OK     0.201s   eu
2026-07-05T03:41:51.729494  www2.acientirani-uor4.ir:443   OK     0.337s   eu
2026-07-05T03:41:51.729788  c4eab88e.etherealvpn.uk:443    OK     0.193s   eu
2026-07-05T03:41:51.729927  logs.jinxandjack.co.uk.:443    OK     0.162s   eu
2026-07-05T03:41:51.730791  cinema-hulk.avangement.info:443 OK     0.196s   eu
2026-07-05T03:41:51.731192  87.248.129.16:8443             OK     0.147s   eu
2026-07-05T03:41:51.734017  borj-pooshak-brj.aseman.info:443 OK     0.17s    eu
2026-07-05T03:41:51.738357  ad3.arixo.shop:443             OK     0.191s   eu
2026-07-05T03:41:51.741690  room.coworcker.co.uk:443       OK     0.153s   eu
2026-07-05T03:41:51.741857  hetzner.visalawyer.co.uk.:443  FAIL   -        eu
2026-07-05T03:41:51.746175  sv2.hajhossein.observer:443    OK     0.161s   eu
2026-07-05T03:41:51.746542  65.108.126.206:443             OK     0.172s   eu
2026-07-05T03:41:51.751006  hetzner.databots.co.uk.:443    FAIL   -        eu
2026-07-05T03:41:51.756992  194.77.70.83:8080              OK     0.156s   eu
2026-07-05T03:41:51.779871  webhook.darkmoon.ir.:443       OK     0.389s   eu
2026-07-05T03:41:51.796669  b8rta.co.uk.:443               OK     0.164s   eu
2026-07-05T03:41:51.816137  are.HajHossein.Esq:8880        OK     0.25s    eu
2026-07-05T03:41:51.821918  87.248.129.180:443             OK     0.15s    eu
2026-07-05T03:41:51.825106  Www.karako.co.uk:600           OK     0.298s   eu
2026-07-05T03:41:51.829102  dena-plus-auto.denatara.info:443 OK     0.256s   eu
2026-07-05T03:41:51.829760  79.175.149.108:443             FAIL   -        eu
2026-07-05T03:41:51.830204  79.175.149.108:443             FAIL   -        eu
2026-07-05T03:41:51.831911  book.malavanann.co.uk:2096     OK     0.292s   eu
2026-07-05T03:41:51.835411  noron.jamejanhani1.co.uk:443   OK     0.166s   eu
2026-07-05T03:41:51.839878  nims.dotadotnet.ir:8443        OK     0.311s   eu
2026-07-05T03:41:51.840587  167.233.197.66:1010            OK     0.164s   eu
2026-07-05T03:41:51.843082  football.world-pro.co.uk:25565 OK     0.157s   eu
2026-07-05T03:41:51.850432  achar-ghofli-chie.avangement.info:443 OK     0.154s   eu
2026-07-05T03:41:51.854194  soh5.goooalir.co.uk:8443       OK     0.172s   eu
2026-07-05T03:41:51.860048  book.malavanann.co.uk:2053     OK     0.15s    eu
2026-07-05T03:41:51.860203  87.229.56.7:443                OK     0.159s   eu
2026-07-05T03:41:51.865386  master3.ir-vlue3.ir:8880       FAIL   -        eu
2026-07-05T03:41:51.866216  mine.navar1.ir:25565           OK     0.332s   eu
2026-07-05T03:41:51.870511  253371e8.etherealvpn.uk:443    OK     0.335s   eu
2026-07-05T03:41:51.871210  194.120.230.120:443            OK     0.146s   eu
2026-07-05T03:41:51.874482  nab.goooalir.co.uk:8443        OK     0.33s    eu
2026-07-05T03:41:51.877522  87.248.129.47:443              OK     0.148s   eu
2026-07-05T03:41:51.878599  87.248.134.172:443             FAIL   -        eu
2026-07-05T03:41:51.880573  subobdoa.co.uk.:443            OK     0.197s   eu
2026-07-05T03:41:51.888932  top.jamejanhani2.co.uk:443     OK     0.158s   eu
2026-07-05T03:41:51.889184  groupe.avacloud.info:443       OK     0.181s   eu
2026-07-05T03:41:51.891911  secure.gorbushkin.click:443    OK     0.509s   eu
2026-07-05T03:41:51.892210  moh.kingproxynewdomailasiatech.ink:25565 OK     0.026s   eu
2026-07-05T03:41:51.892753  gol.pesar.hedoit.info:443      OK     0.154s   eu
2026-07-05T03:41:51.892884  bale-ai.vingardium.co.uk.:443  OK     0.325s   eu
2026-07-05T03:41:51.897992  zinova.co.uk.:443              OK     0.181s   eu
2026-07-05T03:41:51.904525  167.233.239.89:1010            OK     0.158s   eu
2026-07-05T03:41:51.904907  api.medhata.org:443            OK     0.524s   eu
2026-07-05T03:41:51.910184  sherkat.noavaran.novin.gostare.kosha.tashkilat.info:443 OK     0.184s   eu
2026-07-05T03:41:51.912488  Komatso-Japan.www.google.com.ganool-com.info:300 FAIL   -        eu
2026-07-05T03:41:51.913401  webhook.what-ever.co.uk.:443   OK     0.171s   eu
2026-07-05T03:41:51.918102  Barcode.kangoro-boll.co.uk.:443 OK     0.188s   eu
2026-07-05T03:41:51.926470  master2.ir-vlue3.ir:8880       FAIL   -        eu
2026-07-05T03:41:51.948816  ams1.tlgfast.com:443           OK     0.219s   eu
2026-07-05T03:41:51.949546  mmd.meli-n12.info:8443         OK     0.261s   eu
2026-07-05T03:41:51.959948  Team.hafthashtgswreqetdgsrwrpi-esoiiisolfnwfsksjvwu-urishklfduiwoehv.info.:6773 FAIL   -        eu
2026-07-05T03:41:51.966959  Fuck-War.harcibasheokeye.ir:110 FAIL   -        eu
2026-07-05T03:41:51.981353  iran-khodro.denatara.info:443  OK     0.224s   eu
2026-07-05T03:41:51.989462  87.229.56.180:443              OK     0.16s    eu
2026-07-05T03:41:51.992262  rain.golgoli2.co.uk:2096       OK     0.298s   eu
2026-07-05T03:41:51.998061  ssv2.ir-vlue3.ir:8880          FAIL   -        eu
2026-07-05T03:41:52.009163  ns1.what-ever.co.uk.:443       OK     0.324s   eu
2026-07-05T03:41:52.013504  nick.ciaude.co.uk:443          OK     0.153s   eu
2026-07-05T03:41:52.013703  openhostings.co.uk.:443        OK     0.192s   eu
2026-07-05T03:41:52.026599  rudomain.info.:443             OK     0.197s   eu
2026-07-05T03:41:52.028528  887881z367752876777.ir.fulldf.info:8443 OK     0.203s   eu
2026-07-05T03:41:52.031309  goodman.lamari.info:443        OK     0.201s   eu
2026-07-05T03:41:52.031408  87.248.132.3:1010              OK     0.154s   eu
2026-07-05T03:41:52.034619  belotfelipo.larilarilaylay.ir:443 OK     0.352s   eu
2026-07-05T03:41:52.043760  br.nowabst.net:853             OK     0.177s   ru
2026-07-05T03:41:52.044187  87.229.56.10:443               OK     0.151s   eu
2026-07-05T03:41:52.047694  basic.here-funnycloud.co.uk:443 OK     0.159s   eu
2026-07-05T03:41:52.047841  win.golgoli1.co.uk:2053        OK     0.158s   eu
2026-07-05T03:41:52.048173  wan.asiaadomainsshatelhamrahaval.co.uk.:443 OK     0.188s   eu
2026-07-05T03:41:52.050177  collider.web-yektanet-com.info:443 OK     0.176s   eu
2026-07-05T03:41:52.050800  sv4.hajhossein.observer:443    OK     0.17s    eu
2026-07-05T03:41:52.052569  sv2.just-money.co.uk:443       OK     0.161s   eu
2026-07-05T03:41:52.085067  194.77.70.84:8080              OK     0.158s   eu
2026-07-05T03:41:52.086435  d4a7c1f8-3e9b-425d-a1c6-9f8e2b7a4d5c.casa:80 OK     0.236s   eu
2026-07-05T03:41:52.088345  syntax.lamari.info:443         OK     0.176s   eu
2026-07-05T03:41:52.089401  ad1.arixo.shop:443             OK     0.191s   eu
2026-07-05T03:41:52.093619  PAyDaR.goooalir.co.uk:8443     OK     0.201s   eu
2026-07-05T03:41:52.102909  googel.alo-otp.info.:25565     OK     0.013s   eu
2026-07-05T03:41:52.104318  65.109.147.39:443              OK     0.186s   eu
2026-07-05T03:41:52.113241  79.175.149.108:911             FAIL   -        eu
2026-07-05T03:41:52.115911  shir.pesar.hedoit.info:443     OK     0.224s   eu
2026-07-05T03:41:52.120082  167.233.228.78:1010            OK     0.16s    eu
2026-07-05T03:41:52.140629  just.hedoit.info:443           OK     0.174s   eu
2026-07-05T03:41:52.144731  host.numbplodab.co.uk:443      OK     0.29s    eu
2026-07-05T03:41:52.149258  www.karako.co.uk:600           OK     0.157s   eu
2026-07-05T03:41:52.166446  moon.talebi.co.uk:443          OK     0.153s   eu
2026-07-05T03:41:52.178069  chat.avacloud.info:443         OK     0.149s   eu
2026-07-05T03:41:52.194471  blue.golgoli2.co.uk:2096       OK     0.29s    eu
2026-07-05T03:41:52.195093  blue.golgoli2.co.uk:443        OK     0.285s   eu
2026-07-05T03:41:52.195735  gol.dokhtar.hedoit.info:443    OK     0.182s   eu
2026-07-05T03:41:52.196499  aghaye.aseman.info:443         OK     0.17s    eu
2026-07-05T03:41:52.196617  permiiium.lavazemi2.co.uk:2096 OK     0.149s   eu
2026-07-05T03:41:52.203894  Refral-Cover.kalakbazi-co.co.uk:65 OK     0.169s   eu
2026-07-05T03:41:52.206132  116.202.20.234:8443            OK     0.158s   eu
2026-07-05T03:41:52.208808  65.21.234.12:443               OK     0.177s   eu
2026-07-05T03:41:52.223012  hetzner.itsnotrocket.co.uk:443 OK     0.352s   eu
2026-07-05T03:41:52.232442  edge.ehtemal.info:443          OK     0.147s   eu
2026-07-05T03:41:52.235624  146.103.104.26:443             FAIL   -        eu
2026-07-05T03:41:52.243119  194.77.70.81:8080              OK     0.155s   eu
2026-07-05T03:41:52.243868  br.kingproxynewdomailasiatech.ink:22 OK     0.246s   eu
2026-07-05T03:41:52.255170  87.248.132.38:85               FAIL   -        eu
2026-07-05T03:41:52.255837  91.107.241.137:23              OK     0.162s   eu
2026-07-05T03:41:52.266186  haghgo.masnavi.info:443        OK     0.162s   eu
2026-07-05T03:41:52.271445  sv.hajhossein.observer:443     OK     0.158s   eu
2026-07-05T03:41:52.276139  ssv.ir-vlue3.ir:8880           FAIL   -        eu
2026-07-05T03:41:52.298525  87.229.56.20:443               OK     0.154s   eu
2026-07-05T03:41:52.298924  proxy.garden-troll.life:443    OK     0.519s   eu
2026-07-05T03:41:52.307095  should.be.wake.up.ir.yfdhjderkig.info.:88 OK     0.166s   eu
2026-07-05T03:41:52.308958  sv7.hajhossein.observer:443    OK     0.189s   eu
2026-07-05T03:41:52.314205  3.telbet.lol:25565             OK     0.007s   eu
2026-07-05T03:41:52.337930  kala.golgoli1.co.uk:443        OK     0.294s   eu
2026-07-05T03:41:52.338537  developer.davazdah.info:443    OK     0.223s   eu
2026-07-05T03:41:52.339628  cdn.ma-rd.co.uk:443            OK     0.291s   eu
2026-07-05T03:41:52.342532  h.hajagha.co.uk:443            OK     0.292s   eu
2026-07-05T03:41:52.344825  response.aseman.info:443       OK     0.195s   eu
2026-07-05T03:41:52.352268  box.lavazemi5.co.uk:2053       OK     0.148s   eu
2026-07-05T03:41:52.352893  87.229.56.6:443                OK     0.158s   eu
2026-07-05T03:41:52.356153  87.229.56.15:443               OK     0.159s   eu
2026-07-05T03:41:52.371289  rain.golgoli2.co.uk:443        OK     0.148s   eu
2026-07-05T03:41:52.380397  87.248.132.99:8443             FAIL   -        eu
2026-07-05T03:41:52.381155  737276713370.ir.fulle7.info:8443 OK     0.33s    eu
2026-07-05T03:41:52.393689  8f3d1c4e-a9b2-475c-8e1f-2d6a9b4c7e3f.casa:80 OK     0.362s   eu
2026-07-05T03:41:52.396877  87.248.132.202:1010            OK     0.154s   eu
2026-07-05T03:41:52.397117  just-money.co.uk:443           OK     0.153s   eu
2026-07-05T03:41:52.397530  cdn.savelyev.click:443         OK     0.519s   eu
2026-07-05T03:41:52.405036  company.avacloud.info:443      OK     0.15s    eu
2026-07-05T03:41:52.408477  1.telbet.lol:25565             OK     0.064s   eu
2026-07-05T03:41:52.425628  87.248.129.49:443              OK     0.149s   eu
2026-07-05T03:41:52.429692  87.229.56.181:443              OK     0.158s   eu
2026-07-05T03:41:52.436084  tabibie.del.davazdah.info:443  OK     0.17s    eu
2026-07-05T03:41:52.455181  23.88.51.230:443               OK     0.157s   eu
2026-07-05T03:41:52.480575  93.183.88.188:443              OK     0.172s   eu
2026-07-05T03:41:52.485973  sv.hajhossein.observer:443     OK     0.146s   eu
2026-07-05T03:41:52.486777  mini.lavazemi4.co.uk:443       OK     0.291s   eu
2026-07-05T03:41:52.494817  91.107.153.231:23              OK     0.157s   eu
2026-07-05T03:41:52.495525  ipv6.ssh-sec.co.uk:443         OK     0.287s   eu
2026-07-05T03:41:52.518960  room.talebi.co.uk:443          OK     0.166s   eu
2026-07-05T03:41:52.535162  65.21.205.37:443               OK     0.183s   eu
2026-07-05T03:41:52.539090  kalakbaz.kalakbazi-co.co.uk:443 OK     0.142s   eu
2026-07-05T03:41:52.540382  best-sellerst.co.uk.:443       OK     0.334s   eu
2026-07-05T03:41:52.542814  hetzner.brettanderson.co.uk.:443 OK     0.348s   eu
2026-07-05T03:41:52.553920  5.75.172.150:8443              FAIL   -        eu
2026-07-05T03:41:52.562594  95.216.102.179:25565           OK     0.182s   eu
2026-07-05T03:41:52.572784  31.210.40.211:1010             OK     0.192s   eu
2026-07-05T03:41:52.604558  s04.neo-trading.org:443        OK     0.196s   ru
2026-07-05T03:41:52.643516  general.irancell-ir.cfd:443    OK     0.305s   eu
2026-07-05T03:41:52.691772  co.uk.zendrip.ir:443           OK     0.335s   eu
2026-07-05T03:41:53.083424  best-ruter.eyvazi-master.ir:9741 FAIL   -        eu
2026-07-05T03:41:53.373733  89.251.10.2:7443               FAIL   -        eu
2026-07-05T03:41:53.374569  87.229.56.183:443              FAIL   -        eu
2026-07-05T03:41:53.374849  87.248.129.176:2053            FAIL   -        eu
2026-07-05T03:41:53.374880  65.109.30.136:8443             FAIL   -        eu
2026-07-05T03:41:53.374971  85.133.238.4:8880              FAIL   -        eu
2026-07-05T03:41:53.376166  68.209.57.138:443              FAIL   -        eu
2026-07-05T03:41:53.378288  85.133.238.3:8880              FAIL   -        eu
2026-07-05T03:41:53.378301  65.109.247.172:85              FAIL   -        eu
2026-07-05T03:41:53.378308  152.232.8.182:443              FAIL   -        eu
2026-07-05T03:41:53.378313  194.213.118.192:443            FAIL   -        eu
2026-07-05T03:41:53.379173  195.254.165.251:25565          FAIL   -        eu
2026-07-05T03:41:53.379184  194.213.118.191:443            FAIL   -        eu
2026-07-05T03:41:53.380164  194.213.118.193:443            FAIL   -        eu
2026-07-05T03:41:53.380173  167.233.18.41:8080             FAIL   -        eu
2026-07-05T03:41:53.381160  212.34.135.78:443              FAIL   -        eu
2026-07-05T03:41:53.381231  65.109.30.137:8443             FAIL   -        eu
2026-07-05T03:41:53.382127  194.213.118.202:1010           FAIL   -        eu
2026-07-05T03:41:53.383106  188.245.149.175:8443           FAIL   -        eu
2026-07-05T03:41:53.384128  85.133.236.3:443               FAIL   -        eu
2026-07-05T03:41:53.385137  85.133.236.4:8880              FAIL   -        eu
2026-07-05T03:41:53.389114  webgah.masachoset-belosan.co.uk:443 FAIL   -        eu
2026-07-05T03:41:53.392117  23.229.66.163:443              FAIL   -        eu
2026-07-05T03:41:53.393142  87.248.129.175:443             FAIL   -        eu
2026-07-05T03:41:53.393214  85.133.238.5:8880              FAIL   -        eu
2026-07-05T03:41:53.395122  87.120.216.254:443             FAIL   -        eu
2026-07-05T03:41:53.424157  sabon.tashkilat.info:443       FAIL   -        eu
2026-07-05T03:41:53.437852  hetzner.enenet.co.uk.:443      FAIL   -        eu
2026-07-05T03:41:53.530076  194.213.118.201:1010           FAIL   -        eu
2026-07-05T03:41:53.543013  188.245.222.209:1010           FAIL   -        eu
2026-07-05T03:41:53.547768  159.223.143.213:1010           FAIL   -        eu
2026-07-05T03:41:53.551870  195.254.165.253:25565          FAIL   -        eu
2026-07-05T03:41:53.560755  www.lastingg.baby.:8888        FAIL   -        eu
2026-07-05T03:41:53.561634  goo.vingardium.co.uk.:8443     FAIL   -        eu
2026-07-05T03:41:53.561748  157.90.227.27:85               FAIL   -        eu
2026-07-05T03:41:53.567116  5.78.98.16:1010                FAIL   -        eu
2026-07-05T03:41:53.569119  87.248.129.174:2053            FAIL   -        eu
2026-07-05T03:41:53.576107  167.233.179.218:443            FAIL   -        eu
2026-07-05T03:41:53.584117  176.65.135.65:23               FAIL   -        eu
2026-07-05T03:41:53.584983  vip.irani-pr.net:443           FAIL   -        eu
2026-07-05T03:41:53.587481  87.248.129.176:443             FAIL   -        eu
2026-07-05T03:41:53.594116  85.133.238.4:443               FAIL   -        eu
2026-07-05T03:41:53.602849  www.beastmode.icu.:8888        FAIL   -        eu
2026-07-05T03:41:53.620140  87.248.129.173:2053            FAIL   -        eu
2026-07-05T03:41:53.636584  webhook.bkontek.co.uk.:443     FAIL   -        eu
2026-07-05T03:41:53.678349  85.133.238.3:443               FAIL   -        eu
2026-07-05T03:41:53.702230  194.213.118.179:443            FAIL   -        eu
2026-07-05T03:41:53.723269  163.5.31.10:8443               FAIL   -        eu
2026-07-05T03:41:53.736266  85.133.236.4:443               FAIL   -        eu
2026-07-05T03:41:53.743906  65.109.30.135:8443             FAIL   -        eu
2026-07-05T03:41:53.748742  195.254.165.250:25565          FAIL   -        eu
2026-07-05T03:41:53.768790  https-cdn-ddns.itdeveloper.info.:88 FAIL   -        eu
2026-07-05T03:41:53.774493  mail.muffinnoliershatelcomingsoon.co.uk.:443 FAIL   -        eu
2026-07-05T03:41:53.798860  195.254.165.249:25565          FAIL   -        eu
2026-07-05T03:41:53.799758  app.aftabneta2.ir:85           FAIL   -        eu
2026-07-05T03:41:53.834193  194.213.118.182:443            FAIL   -        eu
2026-07-05T03:41:53.842094  87.248.129.179:443             FAIL   -        eu
2026-07-05T03:41:53.873491  65.109.30.139:8443             FAIL   -        eu
2026-07-05T03:41:53.907141  68.183.32.192:1010             FAIL   -        eu
2026-07-05T03:41:53.915632  85.133.236.5:8880              FAIL   -        eu
2026-07-05T03:41:53.951791  87.248.132.204:1010            FAIL   -        eu
2026-07-05T03:41:53.991717  87.248.129.178:443             FAIL   -        eu
2026-07-05T03:41:54.011394  85.133.236.3:8880              FAIL   -        eu
2026-07-05T03:41:54.054455  87.248.129.174:443             FAIL   -        eu
2026-07-05T03:41:54.124973  go.vingardium.co.uk.:8443      FAIL   -        eu
2026-07-05T03:41:54.180271  195.254.165.252:25565          FAIL   -        eu
2026-07-05T03:41:54.205681  login.muffinnoliershatelcomingsoon.co.uk.:443 FAIL   -        eu
2026-07-05T03:41:54.237813  89.167.21.138:1010             FAIL   -        eu
2026-07-05T03:41:54.258039  79.133.126.125:443             FAIL   -        eu
2026-07-05T03:41:54.301163  194.213.118.200:1010           FAIL   -        eu
2026-07-05T03:41:54.344776  87.248.129.178:2096            FAIL   -        eu
2026-07-05T03:41:54.373510  194.213.118.183:443            FAIL   -        eu
2026-07-05T03:41:54.423438  dd.tgproxy.today:8080          FAIL   -        eu
2026-07-05T03:41:54.428174  weblog.forwarding-co.site:443  FAIL   -        eu
2026-07-05T03:41:54.433170  www.gabrial-batistuta.shop:4550 FAIL   -        eu
2026-07-05T03:41:54.505528  www.myssscript.beauty.:8888    FAIL   -        eu
2026-07-05T03:42:01.389738  3.masi.masi.zban-mas.info:8888 FAIL   -        eu
2026-07-05T03:42:01.392259  Masi.zban-df.info:8888         FAIL   -        eu
2026-07-05T03:42:01.397751  sitemcinet.co.uk:443           FAIL   -        eu
2026-07-05T03:42:01.402024  new.sitemcinet.co.uk:443       FAIL   -        eu
2026-07-05T03:42:02.177013  iran.zibayi.shop.:888          FAIL   -        eu
------------------------------------------------------------

Top 20 fastest proxies:
  3.telbet.lol:25565 | ping=0.007s | eu | 
  googel.alo-otp.info.:25565 | ping=0.013s | eu | dbiz ]cdn.yektanet.com
  mc-ssh.t-proxyru.info.:25565 | ping=0.017s | eu | dbiz ]cdn.yektanet.com
  fresh.t-proxy.info.:25565 | ping=0.025s | eu | dbiz ]cdn.yektanet.com
  moh.kingproxynewdomailasiatech.ink:25565 | ping=0.026s | eu | 
  1.telbet.lol:25565 | ping=0.064s | eu | 
  2.telbet.lol:25565 | ping=0.066s | eu | 
  152.232.9.254:443 | ping=0.141s | eu | 
  kalakbaz.kalakbazi-co.co.uk:443 | ping=0.142s | eu | 
  87.229.56.8:443 | ping=0.146s | eu | 
  92.246.87.242:443 | ping=0.146s | eu | 
  194.120.230.120:443 | ping=0.146s | eu | 
  sv.hajhossein.observer:443 | ping=0.146s | eu | 
  194.77.70.85:8080 | ping=0.147s | eu | 
  87.248.132.101:1010 | ping=0.147s | eu | 
  87.248.129.16:8443 | ping=0.147s | eu | 
  edge.ehtemal.info:443 | ping=0.147s | eu | 
  92.246.87.243:443 | ping=0.148s | eu | 
  87.248.129.130:443 | ping=0.148s | eu | 
  87.248.129.99:443 | ping=0.148s | eu | 
