Verification log – 2026-06-28 20:57:38 UTC
Execution time: 70.2s
Total proxies tested: 226
Working proxies found: 131
------------------------------------------------------------
Timestamp                   Host:Port                      Status Ping     Region
------------------------------------------------------------
2026-06-28T20:57:36.473656  br.kingproxynewdomailasiatech.ink:22 OK     0.02s    eu
2026-06-28T20:57:36.501226  sitemcinet.co.uk:443           OK     0.045s   eu
2026-06-28T20:57:36.511604  new.sitemcinet.co.uk:443       OK     0.04s    eu
2026-06-28T20:57:36.539794  87.248.129.16:8443             OK     0.089s   eu
2026-06-28T20:57:36.539887  87.229.56.20:443               OK     0.084s   eu
2026-06-28T20:57:36.546584  87.120.216.254:443             OK     0.094s   eu
2026-06-28T20:57:36.546748  109.122.198.203:443            OK     0.092s   eu
2026-06-28T20:57:36.548144  87.248.129.49:443              OK     0.087s   eu
2026-06-28T20:57:36.549403  87.248.129.47:443              OK     0.089s   eu
2026-06-28T20:57:36.549571  box.talebi.co.uk:443           OK     0.096s   eu
2026-06-28T20:57:36.549859  87.248.129.137:443             OK     0.087s   eu
2026-06-28T20:57:36.549977  168.119.142.46:443             OK     0.098s   eu
2026-06-28T20:57:36.550419  146.103.104.26:443             FAIL   -        eu
2026-06-28T20:57:36.550745  87.248.129.176:443             OK     0.087s   eu
2026-06-28T20:57:36.552233  87.229.56.7:443                OK     0.084s   eu
2026-06-28T20:57:36.552409  178.104.17.219:443             OK     0.094s   eu
2026-06-28T20:57:36.555160  Team.hafthashtgswreqetdgsrwrpi-esoiiisolfnwfsksjvwu-urishklfduiwoehv.info.:6773 FAIL   -        eu
2026-06-28T20:57:36.557575  194.120.230.120:443            OK     0.087s   eu
2026-06-28T20:57:36.558995  Strait-of-Hormuz.ir.jursdheks.info.:88 OK     0.096s   eu
2026-06-28T20:57:36.559329  moon.talebi.co.uk:443          OK     0.106s   eu
2026-06-28T20:57:36.559745  mizban-dade-online.genuismind.info:443 OK     0.106s   eu
2026-06-28T20:57:36.561021  91.107.178.196:443             OK     0.093s   eu
2026-06-28T20:57:36.561193  just-money.co.uk:443           OK     0.094s   eu
2026-06-28T20:57:36.561797  mine.talebi.co.uk:443          OK     0.1s     eu
2026-06-28T20:57:36.564001  Amir-ghalenoei-gq.ir.yfdhjderkig.info.:88 OK     0.106s   eu
2026-06-28T20:57:36.564663  sv5.hajhossein.observer:443    OK     0.108s   eu
2026-06-28T20:57:36.565751  hetzner.com.muffinnoliershatelcomingsoon.co.uk.:443 FAIL   -        eu
2026-06-28T20:57:36.566114  23.88.51.230:443               OK     0.092s   eu
2026-06-28T20:57:36.567135  138.124.33.176:443             OK     0.1s     eu
2026-06-28T20:57:36.569042  ftp.asiaadomainsshatelhamrahaval.co.uk.:443 OK     0.105s   eu
2026-06-28T20:57:36.571485  book.malavanann.co.uk:2053     OK     0.1s     eu
2026-06-28T20:57:36.573065  my.jinxandjack.co.uk.:443      OK     0.102s   eu
2026-06-28T20:57:36.573988  65.109.30.137:8443             OK     0.119s   eu
2026-06-28T20:57:36.577478  135.181.107.130:443            OK     0.113s   eu
2026-06-28T20:57:36.580467  total.beyondeson-co.cfd:443    OK     0.121s   eu
2026-06-28T20:57:36.580747  ns1.what-ever.co.uk.:443       OK     0.12s    eu
2026-06-28T20:57:36.582267  bale-ai.vingardium.co.uk.:443  OK     0.124s   eu
2026-06-28T20:57:36.583482  65.109.139.244:443             FAIL   -        eu
2026-06-28T20:57:36.584977  ftp.vingardium.co.uk.:443      OK     0.125s   eu
2026-06-28T20:57:36.585207  hetzner.theatoms.co.uk.:443    FAIL   -        eu
2026-06-28T20:57:36.588521  65.109.30.140:8443             OK     0.119s   eu
2026-06-28T20:57:36.589867  1.telbet.lol:25565             OK     0.12s    eu
2026-06-28T20:57:36.590365  web.jinxandjack.co.uk.:443     OK     0.124s   eu
2026-06-28T20:57:36.591433  tanzibjf.club.:443             OK     0.124s   eu
2026-06-28T20:57:36.591760  wan.asiaadomainsshatelhamrahaval.co.uk.:443 OK     0.13s    eu
2026-06-28T20:57:36.594561  ad1.arixo.shop:443             OK     0.135s   eu
2026-06-28T20:57:36.596948  65.108.126.206:443             OK     0.136s   eu
2026-06-28T20:57:36.601887  sv.hajhossein.observer:443     OK     0.137s   eu
2026-06-28T20:57:36.604809  www.merco-karco.website:443    OK     0.133s   eu
2026-06-28T20:57:36.613109  syntax.ddnscdn.sbs.:443        OK     0.101s   eu
2026-06-28T20:57:36.614706  Fuck-War.harcibasheokeye.ir:110 FAIL   -        eu
2026-06-28T20:57:36.619484  2.telbet.lol:25565             OK     0.071s   eu
2026-06-28T20:57:36.620231  Shoting.forwarding-co.site.:44300 FAIL   -        eu
2026-06-28T20:57:36.621605  sv4.hajhossein.observer:443    OK     0.151s   eu
2026-06-28T20:57:36.634978  Q4.opt-meli.info:443           FAIL   -        eu
2026-06-28T20:57:36.635807  World-press.Online-shop.speeker-voice.avadox-zhoan.info:144 FAIL   -        eu
2026-06-28T20:57:36.637120  87.248.129.131:443             OK     0.088s   eu
2026-06-28T20:57:36.644159  cdn.ma-rd.co.uk:443            OK     0.094s   eu
2026-06-28T20:57:36.651953  92.246.87.242:443              OK     0.087s   eu
2026-06-28T20:57:36.653361  87.248.129.136:443             OK     0.088s   eu
2026-06-28T20:57:36.653620  general.irancell-ir.cfd:443    OK     0.092s   eu
2026-06-28T20:57:36.654251  sv3.hajhossein.observer:443    OK     0.114s   eu
2026-06-28T20:57:36.656511  87.248.129.180:443             OK     0.087s   eu
2026-06-28T20:57:36.656919  87.248.134.204:443             FAIL   -        eu
2026-06-28T20:57:36.664233  logs.jinxandjack.co.uk.:443    OK     0.105s   eu
2026-06-28T20:57:36.668200  room.coworcker.co.uk:443       OK     0.104s   eu
2026-06-28T20:57:36.674839  87.229.56.15:443               OK     0.085s   eu
2026-06-28T20:57:36.675201  87.229.56.5:443                OK     0.085s   eu
2026-06-28T20:57:36.677728  mine.navar1.ir:25565           OK     0.217s   eu
2026-06-28T20:57:36.680251  web.asiaadomainsshatelhamrahaval.co.uk.:443 OK     0.12s    eu
2026-06-28T20:57:36.687039  h.hajagha.co.uk:443            OK     0.095s   eu
2026-06-28T20:57:36.687596  91.107.153.231:23              OK     0.093s   eu
2026-06-28T20:57:36.691429  server.mizbanonline.info:443   OK     0.106s   eu
2026-06-28T20:57:36.697505  87.248.149.19:443              OK     0.084s   eu
2026-06-28T20:57:36.697523  b8rta.co.uk.:443               OK     0.114s   eu
2026-06-28T20:57:36.705169  87.229.56.8:443                OK     0.086s   eu
2026-06-28T20:57:36.709309  login.kerfilia.info:6775       OK     0.253s   eu
2026-06-28T20:57:36.710112  googel.alo-otp.info.:25565     OK     0.046s   eu
2026-06-28T20:57:36.711742  www.vingardium.co.uk.:443      OK     0.134s   eu
2026-06-28T20:57:36.715565  panel-portal.managep.info:443  OK     0.261s   eu
2026-06-28T20:57:36.718166  135.181.129.178:443            OK     0.113s   eu
2026-06-28T20:57:36.726005  genuismind.info:443            OK     0.106s   eu
2026-06-28T20:57:36.731141  moh.kingproxynewdomailasiatech.ink:25565 OK     0.019s   eu
2026-06-28T20:57:36.731453  91.107.241.137:23              OK     0.094s   eu
2026-06-28T20:57:36.732681  87.248.129.134:443             OK     0.088s   eu
2026-06-28T20:57:36.735359  ams1.tlgfast.com:443           OK     0.185s   eu
2026-06-28T20:57:36.750345  noron.jamejanhani1.co.uk:443   OK     0.097s   eu
2026-06-28T20:57:36.751388  mc-ssh.t-proxyru.info.:25565   OK     0.019s   eu
2026-06-28T20:57:36.751491  fresh.t-proxy.info.:25565      OK     0.177s   eu
2026-06-28T20:57:36.753433  pack.talebi.co.uk:443          OK     0.295s   eu
2026-06-28T20:57:36.771341  top.jamejanhani2.co.uk:443     OK     0.304s   eu
2026-06-28T20:57:36.771738  87.229.56.180:443              OK     0.084s   eu
2026-06-28T20:57:36.780268  room.talebi.co.uk:443          OK     0.32s    eu
2026-06-28T20:57:36.783554  87.229.56.10:443               OK     0.086s   eu
2026-06-28T20:57:36.788915  3.telbet.lol:25565             OK     0.132s   eu
2026-06-28T20:57:36.793048  book.malavanann.co.uk:2096     OK     0.088s   eu
2026-06-28T20:57:36.793064  87.248.132.2:443               FAIL   -        eu
2026-06-28T20:57:36.796778  87.248.129.174:2053            OK     0.087s   eu
2026-06-28T20:57:36.798654  goo.vingardium.co.uk.:8443     OK     0.343s   eu
2026-06-28T20:57:36.802635  87.248.129.178:443             OK     0.087s   eu
2026-06-28T20:57:36.810822  116.202.55.31:25565            OK     0.093s   eu
2026-06-28T20:57:36.835460  secure.gorbushkin.click:443    OK     0.367s   eu
2026-06-28T20:57:36.836643  87.229.56.181:443              OK     0.085s   eu
2026-06-28T20:57:36.840569  football.world-pro.co.uk:25565 OK     0.291s   eu
2026-06-28T20:57:36.841850  sv2.hajhossein.observer:443    OK     0.144s   eu
2026-06-28T20:57:36.845299  sv2.just-money.co.uk:443       OK     0.095s   eu
2026-06-28T20:57:36.865457  nick.talebi.co.uk:443          OK     0.094s   eu
2026-06-28T20:57:36.865474  45.135.194.28:37               FAIL   -        eu
2026-06-28T20:57:36.867711  87.229.56.182:443              OK     0.084s   eu
2026-06-28T20:57:36.867832  87.248.129.179:443             OK     0.087s   eu
2026-06-28T20:57:36.870001  hetzner.bkontek.co.uk.:443     OK     0.178s   eu
2026-06-28T20:57:36.873820  65.109.30.139:8443             OK     0.12s    eu
2026-06-28T20:57:36.881525  87.229.56.6:443                OK     0.085s   eu
2026-06-28T20:57:36.885166  cloud.ir.asiatech-bestserver.technom.info:443 OK     0.431s   eu
2026-06-28T20:57:36.886371  87.248.129.174:443             OK     0.088s   eu
2026-06-28T20:57:36.887517  sv.just-money.co.uk:443        OK     0.299s   eu
2026-06-28T20:57:36.888357  host.mizbanonline.info:443     OK     0.425s   eu
2026-06-28T20:57:36.890290  87.248.129.133:443             OK     0.088s   eu
2026-06-28T20:57:36.893976  hetzner.visalawyer.co.uk.:443  FAIL   -        eu
2026-06-28T20:57:36.897738  portal.balalaika.click:443     OK     0.325s   eu
2026-06-28T20:57:36.898448  billing.mizbanonline.info:443  OK     0.431s   eu
2026-06-28T20:57:36.900824  tcpdash-local.technom.info:443 OK     0.428s   eu
2026-06-28T20:57:36.913209  gorbeye-7000-sale.asiaadomainsshatelhamrahaval.co.uk.:443 OK     0.12s    eu
2026-06-28T20:57:36.914885  full-vasl.ir-xyz.gdhbvjshjrf.info.:88 OK     0.104s   eu
2026-06-28T20:57:36.915557  ns2.what-ever.co.uk.:443       OK     0.348s   eu
2026-06-28T20:57:36.915826  ns2.what-ever.co.uk.:443       OK     0.301s   eu
2026-06-28T20:57:36.932482  login.veltura.digital:443      OK     0.352s   eu
2026-06-28T20:57:36.933207  edge.rknwatch.digital:443      OK     0.383s   eu
2026-06-28T20:57:36.942479  Ashkoda-Best.gabrial-batistuta.shop:443 FAIL   -        eu
2026-06-28T20:57:36.943033  portal.mizbanonline.info:443   OK     0.106s   eu
2026-06-28T20:57:36.953246  login.klyuch1k.org:443         OK     0.489s   eu
2026-06-28T20:57:36.959080  87.248.129.99:443              OK     0.091s   eu
2026-06-28T20:57:36.959169  65.108.123.76:443              OK     0.114s   eu
2026-06-28T20:57:36.959286  167.233.185.253:443            OK     0.094s   eu
2026-06-28T20:57:36.967509  collider.web-yektanet-com.info:443 OK     0.287s   eu
2026-06-28T20:57:36.968701  api.jinxandjack.co.uk.:443     FAIL   -        eu
2026-06-28T20:57:36.970245  mahanmizban.genuismind.info:443 OK     0.423s   eu
2026-06-28T20:57:36.972146  sv7.hajhossein.observer:443    OK     0.091s   eu
2026-06-28T20:57:36.974463  87.248.149.30:443              OK     0.084s   eu
2026-06-28T20:57:36.988723  rudomain.info.:443             OK     0.121s   eu
2026-06-28T20:57:36.999116  87.229.56.183:443              OK     0.084s   eu
2026-06-28T20:57:37.017703  go.vingardium.co.uk.:8443      OK     0.119s   eu
2026-06-28T20:57:37.024154  hetzner.goaphrodite.co.uk.:443 OK     0.137s   eu
2026-06-28T20:57:37.039567  Komatso-Japan.www.google.com.ganool-com.info:300 FAIL   -        eu
2026-06-28T20:57:37.040965  cdn.savelyev.click:443         OK     0.331s   eu
2026-06-28T20:57:37.089907  87.248.134.172:443             FAIL   -        eu
2026-06-28T20:57:37.186085  cdn.yektanet.co.uk:443         OK     0.292s   eu
2026-06-28T20:57:37.233801  portal.malevich7.top:443       OK     0.333s   eu
2026-06-28T20:57:37.456764  best-ruter.eyvazi-master.ir:9741 FAIL   -        eu
2026-06-28T20:57:37.635370  65.109.30.140:8443             OK     1.164s   eu
2026-06-28T20:57:37.926985  nick.ciaude.co.uk:443          OK     1.138s   eu
2026-06-28T20:57:38.453678  91.99.213.149:443              FAIL   -        eu
2026-06-28T20:57:38.453771  5.75.138.30:85                 FAIL   -        eu
2026-06-28T20:57:38.454124  185.43.33.180:443              FAIL   -        eu
2026-06-28T20:57:38.454194  195.254.165.251:25565          FAIL   -        eu
2026-06-28T20:57:38.456004  194.213.118.183:443            FAIL   -        eu
2026-06-28T20:57:38.456177  89.251.10.2:7443               FAIL   -        eu
2026-06-28T20:57:38.457162  37.27.220.97:443               FAIL   -        eu
2026-06-28T20:57:38.458192  194.213.118.182:443            FAIL   -        eu
2026-06-28T20:57:38.458198  116.202.80.231:443             FAIL   -        eu
2026-06-28T20:57:38.459185  157.90.227.27:85               FAIL   -        eu
2026-06-28T20:57:38.459273  65.109.254.77:85               FAIL   -        eu
2026-06-28T20:57:38.459279  194.213.118.191:443            FAIL   -        eu
2026-06-28T20:57:38.460162  194.213.118.193:443            FAIL   -        eu
2026-06-28T20:57:38.463284  88.99.126.251:443              FAIL   -        eu
2026-06-28T20:57:38.463303  78.47.67.183:443               FAIL   -        eu
2026-06-28T20:57:38.464163  167.233.187.178:443            FAIL   -        eu
2026-06-28T20:57:38.465149  194.213.118.163:443            FAIL   -        eu
2026-06-28T20:57:38.466157  79.133.126.125:443             FAIL   -        eu
2026-06-28T20:57:38.468147  194.213.118.179:443            FAIL   -        eu
2026-06-28T20:57:38.470142  195.254.165.249:25565          FAIL   -        eu
2026-06-28T20:57:38.471158  212.34.135.78:443              FAIL   -        eu
2026-06-28T20:57:38.472144  78.46.249.7:443                FAIL   -        eu
2026-06-28T20:57:38.473357  Masi.zban-df.info:8888         FAIL   -        eu
2026-06-28T20:57:38.473365  163.5.31.10:8443               FAIL   -        eu
2026-06-28T20:57:38.474064  ethereal5.arixo.shop:443       FAIL   -        eu
2026-06-28T20:57:38.475153  vip.3ven.sbs:443               FAIL   -        eu
2026-06-28T20:57:38.481161  https-cdn-ddns.itdeveloper.info.:88 FAIL   -        eu
2026-06-28T20:57:38.483949  login.muffinnoliershatelcomingsoon.co.uk.:443 FAIL   -        eu
2026-06-28T20:57:38.486176  iran.zibayi.shop.:888          FAIL   -        eu
2026-06-28T20:57:38.487162  vip.3pita.com:155              FAIL   -        eu
2026-06-28T20:57:38.519998  weblog.forwarding-co.site:443  FAIL   -        eu
2026-06-28T20:57:38.520974  3.masi.masi.zban-mas.info:8888 FAIL   -        eu
2026-06-28T20:57:38.542162  157.180.119.226:443            FAIL   -        eu
2026-06-28T20:57:38.554410  89.149.226.51:155              FAIL   -        eu
2026-06-28T20:57:38.554566  194.213.118.171:443            FAIL   -        eu
2026-06-28T20:57:38.557339  87.248.144.21:25565            FAIL   -        eu
2026-06-28T20:57:38.559173  87.248.132.99:8443             FAIL   -        eu
2026-06-28T20:57:38.561151  176.65.135.65:23               FAIL   -        eu
2026-06-28T20:57:38.563316  65.21.190.162:443              FAIL   -        eu
2026-06-28T20:57:38.568166  195.254.165.253:25565          FAIL   -        eu
2026-06-28T20:57:38.575637  sni.navar11.ir:25565           FAIL   -        eu
2026-06-28T20:57:38.582926  see.bein-norway.co.uk:25565    FAIL   -        eu
2026-06-28T20:57:38.584382  194.213.118.140:443            FAIL   -        eu
2026-06-28T20:57:38.599081  194.213.118.192:443            FAIL   -        eu
2026-06-28T20:57:38.599159  dd.tgproxy.today:8080          FAIL   -        eu
2026-06-28T20:57:38.604168  hetzner.databots.co.uk.:443    FAIL   -        eu
2026-06-28T20:57:38.611272  www.beastmode.icu.:8888        FAIL   -        eu
2026-06-28T20:57:38.623745  88.198.194.198:443             FAIL   -        eu
2026-06-28T20:57:38.637186  194.213.118.148:443            FAIL   -        eu
2026-06-28T20:57:38.637964  65.109.247.172:85              FAIL   -        eu
2026-06-28T20:57:38.654172  194.213.118.162:443            FAIL   -        eu
2026-06-28T20:57:38.655487  87.248.132.38:85               FAIL   -        eu
2026-06-28T20:57:38.658151  49.13.37.85:443                FAIL   -        eu
2026-06-28T20:57:38.670174  159.69.102.87:443              FAIL   -        eu
2026-06-28T20:57:38.671013  www.lastingg.baby.:8888        FAIL   -        eu
2026-06-28T20:57:38.676168  167.233.176.11:443             FAIL   -        eu
2026-06-28T20:57:38.684326  mail.muffinnoliershatelcomingsoon.co.uk.:443 FAIL   -        eu
2026-06-28T20:57:38.688165  87.248.132.34:70               FAIL   -        eu
2026-06-28T20:57:38.689237  cdn.jinxandjack.co.uk.:443     FAIL   -        eu
2026-06-28T20:57:38.704161  www.myssscript.beauty.:8888    FAIL   -        eu
2026-06-28T20:57:38.733385  195.254.165.252:25565          FAIL   -        eu
2026-06-28T20:57:38.735615  iloveto.bein-norway.co.uk:25565 FAIL   -        eu
2026-06-28T20:57:38.737525  93.183.88.188:443              FAIL   -        eu
2026-06-28T20:57:38.749225  norm.quickdl.info:25565        FAIL   -        eu
2026-06-28T20:57:38.753560  194.213.118.177:443            FAIL   -        eu
2026-06-28T20:57:38.807064  box.malavanann.co.uk:443       FAIL   -        eu
2026-06-28T20:57:38.837705  195.254.165.250:25565          FAIL   -        eu
2026-06-28T20:57:38.842765  185.43.33.181:443              FAIL   -        eu
2026-06-28T20:57:38.842779  195.254.165.247:25565          FAIL   -        eu
2026-06-28T20:57:38.867652  95.217.163.166:443             FAIL   -        eu
2026-06-28T20:57:38.887381  65.109.247.142:85              FAIL   -        eu
2026-06-28T20:57:38.888491  176.65.136.15:443              FAIL   -        eu
2026-06-28T20:57:38.896584  app.aftabneta2.ir:85           FAIL   -        eu
2026-06-28T20:57:38.899853  152.232.8.182:443              FAIL   -        eu
2026-06-28T20:57:38.922507  vip.irani-pr.net:443           FAIL   -        eu
------------------------------------------------------------

Top 20 fastest proxies:
  moh.kingproxynewdomailasiatech.ink:25565 | ping=0.019s | eu | 
  mc-ssh.t-proxyru.info.:25565 | ping=0.019s | eu | dbiz ]cdn.yektanet.com
  br.kingproxynewdomailasiatech.ink:22 | ping=0.02s | eu | 
  new.sitemcinet.co.uk:443 | ping=0.04s | eu | 
  sitemcinet.co.uk:443 | ping=0.045s | eu | 
  googel.alo-otp.info.:25565 | ping=0.046s | eu | dbiz ]cdn.yektanet.com
  2.telbet.lol:25565 | ping=0.071s | eu | 
  87.229.56.20:443 | ping=0.084s | eu | 
  87.229.56.7:443 | ping=0.084s | eu | 
  87.248.149.19:443 | ping=0.084s | eu | 
  87.229.56.180:443 | ping=0.084s | eu | 
  87.229.56.182:443 | ping=0.084s | eu | 
  87.248.149.30:443 | ping=0.084s | eu | 
  87.229.56.183:443 | ping=0.084s | eu | 
  87.229.56.15:443 | ping=0.085s | eu | 
  87.229.56.5:443 | ping=0.085s | eu | 
  87.229.56.181:443 | ping=0.085s | eu | 
  87.229.56.6:443 | ping=0.085s | eu | 
  87.229.56.8:443 | ping=0.086s | eu | 
  87.229.56.10:443 | ping=0.086s | eu | 
